ROUTE_PAYMENT_MES_AV=5.156900000000003
ROUTE_PAYMENT_MES_AV_SUCC=4.52725262576009
ROUTE_PAYMENT_HOPS_AV=31.98080000000001
ROUTE_PAYMENT_HOPS_AV_SUCC=27.492316196793816
ROUTE_PAYMENT_SUCCESS_DIRECT=0.9045
ROUTE_PAYMENT_SUCCESS=0.9045
