ROUTE_PAYMENT_MES_AV=5.791900000000001
ROUTE_PAYMENT_MES_AV_SUCC=4.804086021505377
ROUTE_PAYMENT_HOPS_AV=5.517399999999999
ROUTE_PAYMENT_HOPS_AV_SUCC=4.6924731182795725
ROUTE_PAYMENT_SUCCESS_DIRECT=0.93
ROUTE_PAYMENT_SUCCESS=0.93
