ROUTE_PAYMENT_MES_AV=7.613200000000001
ROUTE_PAYMENT_MES_AV_SUCC=6.55029456687759
ROUTE_PAYMENT_HOPS_AV=4.6476999999999995
ROUTE_PAYMENT_HOPS_AV_SUCC=4.376391010255292
ROUTE_PAYMENT_SUCCESS_DIRECT=0.9166
ROUTE_PAYMENT_SUCCESS=0.9166
