ROUTE_PAYMENT_MES_AV=5.702199999999999
ROUTE_PAYMENT_MES_AV_SUCC=4.794396551724138
ROUTE_PAYMENT_HOPS_AV=5.453000000000002
ROUTE_PAYMENT_HOPS_AV_SUCC=4.697090517241381
ROUTE_PAYMENT_SUCCESS_DIRECT=0.928
ROUTE_PAYMENT_SUCCESS=0.928
