ROUTE_PAYMENT_MES_AV=5.3712
ROUTE_PAYMENT_MES_AV_SUCC=4.8813293209472715
ROUTE_PAYMENT_HOPS_AV=10.670899999999998
ROUTE_PAYMENT_HOPS_AV_SUCC=12.017401543896376
ROUTE_PAYMENT_SUCCESS_DIRECT=0.7643
ROUTE_PAYMENT_SUCCESS=0.7643
