ROUTE_PAYMENT_MES_AV=5.319000000000002
ROUTE_PAYMENT_MES_AV_SUCC=4.589582645083141
ROUTE_PAYMENT_HOPS_AV=5.184500000000004
ROUTE_PAYMENT_HOPS_AV_SUCC=4.562933597621405
ROUTE_PAYMENT_SUCCESS_DIRECT=0.9081
ROUTE_PAYMENT_SUCCESS=0.9081
