ROUTE_PAYMENT_MES_AV=17.17
ROUTE_PAYMENT_MES_AV_SUCC=13.0
ROUTE_PAYMENT_HOPS_AV=2.7800000000000002
ROUTE_PAYMENT_HOPS_AV_SUCC=3.471698113207547
ROUTE_PAYMENT_SUCCESS_DIRECT=0.53
ROUTE_PAYMENT_SUCCESS=0.53
ROUTE_PAYMENT_FEE_AV=1.0000832990472812
ROUTE_PAYMENT_FEE_MED=2.0001095269652582
ROUTE_PAYMENT_FEE_Q1=1.0000226554816147
ROUTE_PAYMENT_FEE_Q3=1.0000940697918872
