ROUTE_PAYMENT_MES_AV=9.71
ROUTE_PAYMENT_MES_AV_SUCC=9.410714285714285
ROUTE_PAYMENT_HOPS_AV=2.8600000000000003
ROUTE_PAYMENT_HOPS_AV_SUCC=3.5000000000000004
ROUTE_PAYMENT_SUCCESS_DIRECT=0.56
ROUTE_PAYMENT_SUCCESS=0.56
ROUTE_PAYMENT_FEE_AV=1.0002420992567194
ROUTE_PAYMENT_FEE_MED=2.0004841985134387
ROUTE_PAYMENT_FEE_Q1=1.0002420992567194
ROUTE_PAYMENT_FEE_Q3=1.0002420992567194
