ROUTE_PAYMENT_MES_AV=5.2364999999999995
ROUTE_PAYMENT_MES_AV_SUCC=4.53018430636795
ROUTE_PAYMENT_HOPS_AV=5.1187999999999985
ROUTE_PAYMENT_HOPS_AV_SUCC=4.504359342235956
ROUTE_PAYMENT_SUCCESS_DIRECT=0.9061
ROUTE_PAYMENT_SUCCESS=0.9061
