ROUTE_PAYMENT_MES_AV=9.2173
ROUTE_PAYMENT_MES_AV_SUCC=7.3161635932832
ROUTE_PAYMENT_HOPS_AV=5.054900000000003
ROUTE_PAYMENT_HOPS_AV_SUCC=4.526733285258064
ROUTE_PAYMENT_SUCCESS_DIRECT=0.9707
ROUTE_PAYMENT_SUCCESS=0.9707
