ROUTE_PAYMENT_MES_AV=5.3026
ROUTE_PAYMENT_MES_AV_SUCC=4.646413043478262
ROUTE_PAYMENT_HOPS_AV=5.190099999999998
ROUTE_PAYMENT_HOPS_AV_SUCC=4.618478260869565
ROUTE_PAYMENT_SUCCESS_DIRECT=0.92
ROUTE_PAYMENT_SUCCESS=0.92
