ROUTE_PAYMENT_MES_AV=5.199699999999998
ROUTE_PAYMENT_MES_AV_SUCC=4.542983425414365
ROUTE_PAYMENT_HOPS_AV=5.111199999999999
ROUTE_PAYMENT_HOPS_AV_SUCC=4.530386740331492
ROUTE_PAYMENT_SUCCESS_DIRECT=0.905
ROUTE_PAYMENT_SUCCESS=0.905
