ROUTE_PAYMENT_MES_AV=5.485700000000001
ROUTE_PAYMENT_MES_AV_SUCC=4.636856956804865
ROUTE_PAYMENT_HOPS_AV=12.9491
ROUTE_PAYMENT_HOPS_AV_SUCC=10.991426090731496
ROUTE_PAYMENT_SUCCESS_DIRECT=0.9214
ROUTE_PAYMENT_SUCCESS=0.9214
