ROUTE_PAYMENT_MES_AV=5.3694999999999995
ROUTE_PAYMENT_MES_AV_SUCC=4.620229633679607
ROUTE_PAYMENT_HOPS_AV=5.228999999999999
ROUTE_PAYMENT_HOPS_AV_SUCC=4.580863860032805
ROUTE_PAYMENT_SUCCESS_DIRECT=0.9145
ROUTE_PAYMENT_SUCCESS=0.9145
