ROUTE_PAYMENT_MES_AV=5.6240999999999985
ROUTE_PAYMENT_MES_AV_SUCC=4.675684449734878
ROUTE_PAYMENT_HOPS_AV=5.3950999999999985
ROUTE_PAYMENT_HOPS_AV_SUCC=4.588139811708689
ROUTE_PAYMENT_SUCCESS_DIRECT=0.9241
ROUTE_PAYMENT_SUCCESS=0.9241
