ROUTE_PAYMENT_MES_AV=5.707800000000002
ROUTE_PAYMENT_MES_AV_SUCC=4.713006396588487
ROUTE_PAYMENT_HOPS_AV=5.457400000000002
ROUTE_PAYMENT_HOPS_AV_SUCC=4.601812366737741
ROUTE_PAYMENT_SUCCESS_DIRECT=0.938
ROUTE_PAYMENT_SUCCESS=0.938
