ROUTE_PAYMENT_MES_AV=6.036200000000005
ROUTE_PAYMENT_MES_AV_SUCC=4.777981256059462
ROUTE_PAYMENT_HOPS_AV=5.708599999999999
ROUTE_PAYMENT_HOPS_AV_SUCC=4.669826564688142
ROUTE_PAYMENT_SUCCESS_DIRECT=0.9283
ROUTE_PAYMENT_SUCCESS=0.9283
