ROUTE_PAYMENT_MES_AV=9.1038
ROUTE_PAYMENT_MES_AV_SUCC=7.191349124613798
ROUTE_PAYMENT_HOPS_AV=5.001799999999999
ROUTE_PAYMENT_HOPS_AV_SUCC=4.50175077239959
ROUTE_PAYMENT_SUCCESS_DIRECT=0.971
ROUTE_PAYMENT_SUCCESS=0.971
