ROUTE_PAYMENT_MES_AV=5.785800000000003
ROUTE_PAYMENT_MES_AV_SUCC=4.750756266205706
ROUTE_PAYMENT_HOPS_AV=5.5211
ROUTE_PAYMENT_HOPS_AV_SUCC=4.641529818496109
ROUTE_PAYMENT_SUCCESS_DIRECT=0.9256
ROUTE_PAYMENT_SUCCESS=0.9256
