ROUTE_PAYMENT_MES_AV=5.598999999999999
ROUTE_PAYMENT_MES_AV_SUCC=4.7134357421029875
ROUTE_PAYMENT_HOPS_AV=5.400499999999998
ROUTE_PAYMENT_HOPS_AV_SUCC=4.6471224578104735
ROUTE_PAYMENT_SUCCESS_DIRECT=0.9244
ROUTE_PAYMENT_SUCCESS=0.9244
