ROUTE_PAYMENT_MES_AV=5.305700000000002
ROUTE_PAYMENT_MES_AV_SUCC=4.508435833242625
ROUTE_PAYMENT_HOPS_AV=5.169800000000003
ROUTE_PAYMENT_HOPS_AV_SUCC=4.465657994992926
ROUTE_PAYMENT_SUCCESS_DIRECT=0.9187
ROUTE_PAYMENT_SUCCESS=0.9187
