ROUTE_PAYMENT_MES_AV=5.056099999999998
ROUTE_PAYMENT_MES_AV_SUCC=4.652768376878299
ROUTE_PAYMENT_HOPS_AV=11.653900000000005
ROUTE_PAYMENT_HOPS_AV_SUCC=13.607012318938674
ROUTE_PAYMENT_SUCCESS_DIRECT=0.7387
ROUTE_PAYMENT_SUCCESS=0.7387
