ROUTE_PAYMENT_MES_AV=5.613799999999999
ROUTE_PAYMENT_MES_AV_SUCC=4.791474777765878
ROUTE_PAYMENT_HOPS_AV=12.2604
ROUTE_PAYMENT_HOPS_AV_SUCC=10.39498768341009
ROUTE_PAYMENT_SUCCESS_DIRECT=0.9337
ROUTE_PAYMENT_SUCCESS=0.9337
