ROUTE_PAYMENT_MES_AV=4.5593
ROUTE_PAYMENT_MES_AV_SUCC=4.034367541766108
ROUTE_PAYMENT_HOPS_AV=3.4551
ROUTE_PAYMENT_HOPS_AV_SUCC=3.7355608591885443
ROUTE_PAYMENT_SUCCESS_DIRECT=0.6285
ROUTE_PAYMENT_SUCCESS=0.6285
