ROUTE_PAYMENT_MES_AV=7.514600000000002
ROUTE_PAYMENT_MES_AV_SUCC=6.089302218114602
ROUTE_PAYMENT_HOPS_AV=12.824100000000005
ROUTE_PAYMENT_HOPS_AV_SUCC=11.511206099815157
ROUTE_PAYMENT_SUCCESS_DIRECT=0.8656
ROUTE_PAYMENT_SUCCESS=0.8656
