ROUTE_PAYMENT_MES_AV=6.722999999999999
ROUTE_PAYMENT_MES_AV_SUCC=5.425829618623078
ROUTE_PAYMENT_HOPS_AV=4.260700000000002
ROUTE_PAYMENT_HOPS_AV_SUCC=4.112803368003962
ROUTE_PAYMENT_SUCCESS_DIRECT=0.8076
ROUTE_PAYMENT_SUCCESS=0.8076
