ROUTE_PAYMENT_MES_AV=5.774900000000001
ROUTE_PAYMENT_MES_AV_SUCC=4.525294525294525
ROUTE_PAYMENT_HOPS_AV=27.3143
ROUTE_PAYMENT_HOPS_AV_SUCC=26.315176715176708
ROUTE_PAYMENT_SUCCESS_DIRECT=0.7215
ROUTE_PAYMENT_SUCCESS=0.7215
