ROUTE_PAYMENT_MES_AV=5.225900000000001
ROUTE_PAYMENT_MES_AV_SUCC=4.479325173668539
ROUTE_PAYMENT_HOPS_AV=24.42220000000002
ROUTE_PAYMENT_HOPS_AV_SUCC=20.65828647039366
ROUTE_PAYMENT_SUCCESS_DIRECT=0.9069
ROUTE_PAYMENT_SUCCESS=0.9069
