ROUTE_PAYMENT_MES_AV=5.719600000000004
ROUTE_PAYMENT_MES_AV_SUCC=4.760464866028191
ROUTE_PAYMENT_HOPS_AV=5.4262
ROUTE_PAYMENT_HOPS_AV_SUCC=4.640804906919185
ROUTE_PAYMENT_SUCCESS_DIRECT=0.9293
ROUTE_PAYMENT_SUCCESS=0.9293
