ROUTE_PAYMENT_MES_AV=6.138699999999999
ROUTE_PAYMENT_MES_AV_SUCC=4.923593043954539
ROUTE_PAYMENT_HOPS_AV=27.120599999999992
ROUTE_PAYMENT_HOPS_AV_SUCC=26.076133095987945
ROUTE_PAYMENT_SUCCESS_DIRECT=0.7303
ROUTE_PAYMENT_SUCCESS=0.7303
