ROUTE_PAYMENT_MES_AV=3.6546000000000003
ROUTE_PAYMENT_MES_AV_SUCC=3.6546000000000003
ROUTE_PAYMENT_HOPS_AV=3.6549
ROUTE_PAYMENT_HOPS_AV_SUCC=3.6549
ROUTE_PAYMENT_SUCCESS_DIRECT=1.0
ROUTE_PAYMENT_SUCCESS=1.0
ROUTE_PAYMENT_FEE_AV=1.0007376779020693E-4
ROUTE_PAYMENT_FEE_MED=1.3620276783381176E-4
ROUTE_PAYMENT_FEE_Q1=2.8987829406212183E-5
ROUTE_PAYMENT_FEE_Q3=1.394899924346443E-4
