ROUTE_PAYMENT_MES_AV=6.084
ROUTE_PAYMENT_MES_AV_SUCC=4.812766865926557
ROUTE_PAYMENT_HOPS_AV=5.715300000000001
ROUTE_PAYMENT_HOPS_AV_SUCC=4.685952177625961
ROUTE_PAYMENT_SUCCESS_DIRECT=0.9368
ROUTE_PAYMENT_SUCCESS=0.9368
