ROUTE_PAYMENT_MES_AV=23.1972
ROUTE_PAYMENT_MES_AV_SUCC=22.774369176002516
ROUTE_PAYMENT_HOPS_AV=4.6129
ROUTE_PAYMENT_HOPS_AV_SUCC=4.533242592398702
ROUTE_PAYMENT_SUCCESS_DIRECT=0.9551
ROUTE_PAYMENT_SUCCESS=0.9551
ROUTE_PAYMENT_FEE_AV=26.61306303806686
ROUTE_PAYMENT_FEE_MED=15.46466566889001
ROUTE_PAYMENT_FEE_Q1=8.075794997563348
ROUTE_PAYMENT_FEE_Q3=30.119762334433048
