ROUTE_PAYMENT_MES_AV=2503.9321
ROUTE_PAYMENT_MES_AV_SUCC=2105.0245500884216
ROUTE_PAYMENT_HOPS_AV=9.8935
ROUTE_PAYMENT_HOPS_AV_SUCC=9.283262249037755
ROUTE_PAYMENT_SUCCESS_DIRECT=0.9613
ROUTE_PAYMENT_SUCCESS=0.9613
ROUTE_PAYMENT_FEE_AV=26.11841643057434
ROUTE_PAYMENT_FEE_MED=15.696453359375448
ROUTE_PAYMENT_FEE_Q1=8.106013556723834
ROUTE_PAYMENT_FEE_Q3=30.999171982267093
