ROUTE_PAYMENT_MES_AV=5.4585
ROUTE_PAYMENT_MES_AV_SUCC=4.548228882833786
ROUTE_PAYMENT_HOPS_AV=5.3532
ROUTE_PAYMENT_HOPS_AV_SUCC=4.524904632152589
ROUTE_PAYMENT_SUCCESS_DIRECT=0.9175
ROUTE_PAYMENT_SUCCESS=0.9175
