ROUTE_PAYMENT_MES_AV=5.4331000000000005
ROUTE_PAYMENT_MES_AV_SUCC=4.812285753462227
ROUTE_PAYMENT_HOPS_AV=3.8593
ROUTE_PAYMENT_HOPS_AV_SUCC=4.005484711367065
ROUTE_PAYMENT_SUCCESS_DIRECT=0.7293
ROUTE_PAYMENT_SUCCESS=0.7293
