ROUTE_PAYMENT_MES_AV=9.523500000000002
ROUTE_PAYMENT_MES_AV_SUCC=7.204456767303345
ROUTE_PAYMENT_HOPS_AV=5.172799999999998
ROUTE_PAYMENT_HOPS_AV_SUCC=4.551550626411995
ROUTE_PAYMENT_SUCCESS_DIRECT=0.9738
ROUTE_PAYMENT_SUCCESS=0.9738
