ROUTE_PAYMENT_MES_AV=12.940000000000001
ROUTE_PAYMENT_MES_AV_SUCC=10.378048780487804
ROUTE_PAYMENT_HOPS_AV=5.09
ROUTE_PAYMENT_HOPS_AV_SUCC=4.536585365853659
ROUTE_PAYMENT_SUCCESS_DIRECT=0.82
ROUTE_PAYMENT_SUCCESS=0.82
ROUTE_PAYMENT_FEE_AV=0.2879214641589
ROUTE_PAYMENT_FEE_MED=0.5758429283178
ROUTE_PAYMENT_FEE_Q1=0.14188015450137295
ROUTE_PAYMENT_FEE_Q3=0.4339627738164271
