ROUTE_PAYMENT_MES_AV=13.4
ROUTE_PAYMENT_MES_AV_SUCC=13.249999999999998
ROUTE_PAYMENT_HOPS_AV=4.719999999999999
ROUTE_PAYMENT_HOPS_AV_SUCC=4.549999999999999
ROUTE_PAYMENT_SUCCESS_DIRECT=0.8
ROUTE_PAYMENT_SUCCESS=0.8
ROUTE_PAYMENT_FEE_AV=0.9997560575067466
ROUTE_PAYMENT_FEE_MED=1.9947245059091694
ROUTE_PAYMENT_FEE_Q1=0.9934799433244811
ROUTE_PAYMENT_FEE_Q3=1.0385718144869667
