ROUTE_PAYMENT_MES_AV=6.690399999999999
ROUTE_PAYMENT_MES_AV_SUCC=5.281433307829634
ROUTE_PAYMENT_HOPS_AV=4.2594
ROUTE_PAYMENT_HOPS_AV_SUCC=4.071027799030859
ROUTE_PAYMENT_SUCCESS_DIRECT=0.7842
ROUTE_PAYMENT_SUCCESS=0.7842
