ROUTE_PAYMENT_MES_AV=5.371199999999996
ROUTE_PAYMENT_MES_AV_SUCC=4.545828819068256
ROUTE_PAYMENT_HOPS_AV=5.189400000000001
ROUTE_PAYMENT_HOPS_AV_SUCC=4.4774647887323935
ROUTE_PAYMENT_SUCCESS_DIRECT=0.923
ROUTE_PAYMENT_SUCCESS=0.923
