ROUTE_PAYMENT_MES_AV=5.151
ROUTE_PAYMENT_MES_AV_SUCC=4.55729223995597
ROUTE_PAYMENT_HOPS_AV=5.096200000000002
ROUTE_PAYMENT_HOPS_AV_SUCC=4.557072096862958
ROUTE_PAYMENT_SUCCESS_DIRECT=0.9085
ROUTE_PAYMENT_SUCCESS=0.9085
