ROUTE_PAYMENT_MES_AV=7.127899999999998
ROUTE_PAYMENT_MES_AV_SUCC=6.040082692086824
ROUTE_PAYMENT_HOPS_AV=4.4553
ROUTE_PAYMENT_HOPS_AV_SUCC=4.249799012288962
ROUTE_PAYMENT_SUCCESS_DIRECT=0.8707
ROUTE_PAYMENT_SUCCESS=0.8707
