ROUTE_PAYMENT_MES_AV=5.359100000000002
ROUTE_PAYMENT_MES_AV_SUCC=4.582522171749948
ROUTE_PAYMENT_HOPS_AV=5.208999999999999
ROUTE_PAYMENT_HOPS_AV_SUCC=4.529418126757515
ROUTE_PAYMENT_SUCCESS_DIRECT=0.9246
ROUTE_PAYMENT_SUCCESS=0.9246
