ROUTE_PAYMENT_MES_AV=5.1304000000000025
ROUTE_PAYMENT_MES_AV_SUCC=4.4393282171059925
ROUTE_PAYMENT_HOPS_AV=27.998
ROUTE_PAYMENT_HOPS_AV_SUCC=24.018462907351797
ROUTE_PAYMENT_SUCCESS_DIRECT=0.8991
ROUTE_PAYMENT_SUCCESS=0.8991
