ROUTE_PAYMENT_MES_AV=5.341599999999998
ROUTE_PAYMENT_MES_AV_SUCC=4.530748225013653
ROUTE_PAYMENT_HOPS_AV=16.695300000000003
ROUTE_PAYMENT_HOPS_AV_SUCC=14.339705079191702
ROUTE_PAYMENT_SUCCESS_DIRECT=0.9155
ROUTE_PAYMENT_SUCCESS=0.9155
