ROUTE_PAYMENT_MES_AV=5.334799999999999
ROUTE_PAYMENT_MES_AV_SUCC=4.854754727322553
ROUTE_PAYMENT_HOPS_AV=11.285700000000004
ROUTE_PAYMENT_HOPS_AV_SUCC=13.006577144423133
ROUTE_PAYMENT_SUCCESS_DIRECT=0.7298
ROUTE_PAYMENT_SUCCESS=0.7298
