ROUTE_PAYMENT_MES_AV=4.72
ROUTE_PAYMENT_MES_AV_SUCC=4.387855897733876
ROUTE_PAYMENT_HOPS_AV=12.542499999999999
ROUTE_PAYMENT_HOPS_AV_SUCC=14.978355607205113
ROUTE_PAYMENT_SUCCESS_DIRECT=0.6884
ROUTE_PAYMENT_SUCCESS=0.6884
