ROUTE_PAYMENT_MES_AV=5.112799999999999
ROUTE_PAYMENT_MES_AV_SUCC=4.618419606550172
ROUTE_PAYMENT_HOPS_AV=26.00900000000002
ROUTE_PAYMENT_HOPS_AV_SUCC=23.478843828992193
ROUTE_PAYMENT_SUCCESS_DIRECT=0.9099
ROUTE_PAYMENT_SUCCESS=0.9099
