ROUTE_PAYMENT_MES_AV=5.6218999999999975
ROUTE_PAYMENT_MES_AV_SUCC=4.657250268528466
ROUTE_PAYMENT_HOPS_AV=5.333699999999998
ROUTE_PAYMENT_HOPS_AV_SUCC=4.548549946294306
ROUTE_PAYMENT_SUCCESS_DIRECT=0.931
ROUTE_PAYMENT_SUCCESS=0.931
