ROUTE_PAYMENT_MES_AV=5.2669
ROUTE_PAYMENT_MES_AV_SUCC=4.617452622300573
ROUTE_PAYMENT_HOPS_AV=19.38429999999999
ROUTE_PAYMENT_HOPS_AV_SUCC=16.786249449096516
ROUTE_PAYMENT_SUCCESS_DIRECT=0.9076
ROUTE_PAYMENT_SUCCESS=0.9076
