ROUTE_PAYMENT_MES_AV=7.014400000000002
ROUTE_PAYMENT_MES_AV_SUCC=6.154454104098454
ROUTE_PAYMENT_HOPS_AV=7.4719999999999995
ROUTE_PAYMENT_HOPS_AV_SUCC=7.395054758947727
ROUTE_PAYMENT_SUCCESS_DIRECT=0.8857
ROUTE_PAYMENT_SUCCESS=0.8857
