ROUTE_PAYMENT_MES_AV=4.9485
ROUTE_PAYMENT_MES_AV_SUCC=4.329418849744052
ROUTE_PAYMENT_HOPS_AV=3.6386000000000003
ROUTE_PAYMENT_HOPS_AV_SUCC=3.846732911773562
ROUTE_PAYMENT_SUCCESS_DIRECT=0.6642
ROUTE_PAYMENT_SUCCESS=0.6642
