ROUTE_PAYMENT_MES_AV=4.0427
ROUTE_PAYMENT_MES_AV_SUCC=3.9797341115434497
ROUTE_PAYMENT_HOPS_AV=15.945300000000003
ROUTE_PAYMENT_HOPS_AV_SUCC=20.746919584954608
ROUTE_PAYMENT_SUCCESS_DIRECT=0.6168
ROUTE_PAYMENT_SUCCESS=0.6168
