ROUTE_PAYMENT_MES_AV=5.253500000000001
ROUTE_PAYMENT_MES_AV_SUCC=4.535504612804025
ROUTE_PAYMENT_HOPS_AV=3.733
ROUTE_PAYMENT_HOPS_AV_SUCC=3.8567235113223375
ROUTE_PAYMENT_SUCCESS_DIRECT=0.7154
ROUTE_PAYMENT_SUCCESS=0.7154
