ROUTE_PAYMENT_MES_AV=4.814399999999999
ROUTE_PAYMENT_MES_AV_SUCC=4.483377077865268
ROUTE_PAYMENT_HOPS_AV=12.436399999999997
ROUTE_PAYMENT_HOPS_AV_SUCC=14.922572178477685
ROUTE_PAYMENT_SUCCESS_DIRECT=0.6858
ROUTE_PAYMENT_SUCCESS=0.6858
