ROUTE_PAYMENT_MES_AV=4.607200000000001
ROUTE_PAYMENT_MES_AV_SUCC=4.125233936369306
ROUTE_PAYMENT_HOPS_AV=3.500500000000001
ROUTE_PAYMENT_HOPS_AV_SUCC=3.79475982532751
ROUTE_PAYMENT_SUCCESS_DIRECT=0.6412
ROUTE_PAYMENT_SUCCESS=0.6412
