ROUTE_PAYMENT_MES_AV=5.519699999999999
ROUTE_PAYMENT_MES_AV_SUCC=4.837224816544361
ROUTE_PAYMENT_HOPS_AV=3.9071999999999996
ROUTE_PAYMENT_HOPS_AV_SUCC=3.99359573048699
ROUTE_PAYMENT_SUCCESS_DIRECT=0.7495
ROUTE_PAYMENT_SUCCESS=0.7495
