ROUTE_PAYMENT_MES_AV=5.558795	5.5166	5.3072	5.8788	0.02257818847499991	0.01428284810833329	0.03502119902499983	5.4929404751571465	5.624649524842853
ROUTE_PAYMENT_MES_AV_SUCC=4.835178990407291	4.837224816544361	4.6170632127270155	5.056703065386133	0.012988332936564418	0.012457825220187731	0.013518840652941103	4.785231027581413	4.885126953233169
ROUTE_PAYMENT_HOPS_AV=3.90208	3.904699999999999	3.815400000000001	4.032	0.0029436785999999997	0.0023837768000000118	0.003503580399999987	3.878301400682799	3.9258585993172015
ROUTE_PAYMENT_HOPS_AV_SUCC=3.9782824775793224	3.97123083186321	3.9075175770686856	4.0556505722931195	0.001339702656232012	0.0011056880743163906	0.0016257204785733268	3.9622409662350306	3.994323988923614
ROUTE_PAYMENT_SUCCESS_DIRECT=0.75006	0.7531	0.7103	0.7691	2.0487439999999986E-4	3.3373259999999847E-4	1.1896893333333418E-4	0.7437868608534483	0.7563331391465516
ROUTE_PAYMENT_SUCCESS=0.75006	0.7531	0.7103	0.7691	2.0487439999999986E-4	3.3373259999999847E-4	1.1896893333333418E-4	0.7437868608534483	0.7563331391465516
