ROUTE_PAYMENT_MES_AV=5.8580999999999985
ROUTE_PAYMENT_MES_AV_SUCC=5.0263814148838435
ROUTE_PAYMENT_HOPS_AV=4.0035
ROUTE_PAYMENT_HOPS_AV_SUCC=4.022968893555585
ROUTE_PAYMENT_SUCCESS_DIRECT=0.7619
ROUTE_PAYMENT_SUCCESS=0.7619
