ROUTE_PAYMENT_MES_AV=5.164199999999997
ROUTE_PAYMENT_MES_AV_SUCC=4.553210202286721
ROUTE_PAYMENT_HOPS_AV=24.12579999999999
ROUTE_PAYMENT_HOPS_AV_SUCC=20.650835532102032
ROUTE_PAYMENT_SUCCESS_DIRECT=0.9096
ROUTE_PAYMENT_SUCCESS=0.9096
