ROUTE_PAYMENT_MES_AV=4.4839
ROUTE_PAYMENT_MES_AV_SUCC=4.0247867374859165
ROUTE_PAYMENT_HOPS_AV=3.4366
ROUTE_PAYMENT_HOPS_AV_SUCC=3.7646869467246096
ROUTE_PAYMENT_SUCCESS_DIRECT=0.6213
ROUTE_PAYMENT_SUCCESS=0.6213
