ROUTE_PAYMENT_MES_AV=6.009399999999999
ROUTE_PAYMENT_MES_AV_SUCC=4.860123229921091
ROUTE_PAYMENT_HOPS_AV=17.103400000000008
ROUTE_PAYMENT_HOPS_AV_SUCC=13.599610852880776
ROUTE_PAYMENT_SUCCESS_DIRECT=0.9251
ROUTE_PAYMENT_SUCCESS=0.9251
