ROUTE_PAYMENT_MES_AV=6.114600000000001
ROUTE_PAYMENT_MES_AV_SUCC=4.797333620040858
ROUTE_PAYMENT_HOPS_AV=5.7427
ROUTE_PAYMENT_HOPS_AV_SUCC=4.673153424362973
ROUTE_PAYMENT_SUCCESS_DIRECT=0.9301
ROUTE_PAYMENT_SUCCESS=0.9301
