ROUTE_PAYMENT_MES_AV=0.75	0.75	0.75	0.75	0.0	0.0	0.0	0.75	0.75
ROUTE_PAYMENT_MES_AV_SUCC=3.0	3.0	3.0	3.0	0.0	0.0	0.0	3.0	3.0
ROUTE_PAYMENT_HOPS_AV=0.75	0.75	0.75	0.75	0.0	0.0	0.0	0.75	0.75
ROUTE_PAYMENT_HOPS_AV_SUCC=3.0	3.0	3.0	3.0	0.0	0.0	0.0	3.0	3.0
ROUTE_PAYMENT_SUCCESS_DIRECT=0.25	0.25	0.25	0.25	0.0	0.0	0.0	0.25	0.25
ROUTE_PAYMENT_SUCCESS=0.25	0.25	0.25	0.25	0.0	0.0	0.0	0.25	0.25
ROUTE_PAYMENT_FEE_AV=0.15333486666666665	0.15333486666666665	0.15333486666666665	0.15333486666666665	0.0	0.0	0.0	0.15333486666666665	0.15333486666666665
ROUTE_PAYMENT_FEE_MED=0.0	0.0	0.0	0.0	0.0	0.0	0.0	0.0	0.0
ROUTE_PAYMENT_FEE_Q1=0.0	0.0	0.0	0.0	0.0	0.0	0.0	0.0	0.0
ROUTE_PAYMENT_FEE_Q3=0.12000120000000007	0.12000120000000007	0.12000120000000007	0.12000120000000007	0.0	0.0	0.0	0.12000120000000007	0.12000120000000007
