ROUTE_PAYMENT_MES_AV=5.725400000000003
ROUTE_PAYMENT_MES_AV_SUCC=4.748528624933118
ROUTE_PAYMENT_HOPS_AV=5.4456999999999995
ROUTE_PAYMENT_HOPS_AV_SUCC=4.631139646869984
ROUTE_PAYMENT_SUCCESS_DIRECT=0.9345
ROUTE_PAYMENT_SUCCESS=0.9345
