ROUTE_PAYMENT_MES_AV=5.7754
ROUTE_PAYMENT_MES_AV_SUCC=4.71598968407479
ROUTE_PAYMENT_HOPS_AV=5.531799999999999
ROUTE_PAYMENT_HOPS_AV_SUCC=4.621427036320653
ROUTE_PAYMENT_SUCCESS_DIRECT=0.9306
ROUTE_PAYMENT_SUCCESS=0.9306
