ROUTE_PAYMENT_MES_AV=4.840199999999999
ROUTE_PAYMENT_MES_AV_SUCC=4.288018085908064
ROUTE_PAYMENT_HOPS_AV=3.6130999999999998
ROUTE_PAYMENT_HOPS_AV_SUCC=3.8633006782215524
ROUTE_PAYMENT_SUCCESS_DIRECT=0.6635
ROUTE_PAYMENT_SUCCESS=0.6635
