ROUTE_PAYMENT_MES_AV=6.756599999999999
ROUTE_PAYMENT_MES_AV_SUCC=5.5708053295601925
ROUTE_PAYMENT_HOPS_AV=4.316899999999996
ROUTE_PAYMENT_HOPS_AV_SUCC=4.130173328616906
ROUTE_PAYMENT_SUCCESS_DIRECT=0.8481
ROUTE_PAYMENT_SUCCESS=0.8481
