ROUTE_PAYMENT_MES_AV=5.584499999999999
ROUTE_PAYMENT_MES_AV_SUCC=4.70870414586499
ROUTE_PAYMENT_HOPS_AV=5.394800000000001
ROUTE_PAYMENT_HOPS_AV_SUCC=4.641415237681791
ROUTE_PAYMENT_SUCCESS_DIRECT=0.9214
ROUTE_PAYMENT_SUCCESS=0.9214
