ROUTE_PAYMENT_MES_AV=4.2615
ROUTE_PAYMENT_MES_AV_SUCC=3.8917035022101323
ROUTE_PAYMENT_HOPS_AV=3.3137999999999996
ROUTE_PAYMENT_HOPS_AV_SUCC=3.7189731383883036
ROUTE_PAYMENT_SUCCESS_DIRECT=0.5882
ROUTE_PAYMENT_SUCCESS=0.5882
