ROUTE_PAYMENT_MES_AV=5.1145
ROUTE_PAYMENT_MES_AV_SUCC=4.618284767297336
ROUTE_PAYMENT_HOPS_AV=11.416999999999996
ROUTE_PAYMENT_HOPS_AV_SUCC=13.266537771026107
ROUTE_PAYMENT_SUCCESS_DIRECT=0.7241
ROUTE_PAYMENT_SUCCESS=0.7241
