ROUTE_PAYMENT_MES_AV=5.754600000000001
ROUTE_PAYMENT_MES_AV_SUCC=4.731618435155411
ROUTE_PAYMENT_HOPS_AV=5.466799999999997
ROUTE_PAYMENT_HOPS_AV_SUCC=4.616827438370848
ROUTE_PAYMENT_SUCCESS_DIRECT=0.933
ROUTE_PAYMENT_SUCCESS=0.933
