ROUTE_PAYMENT_MES_AV=5.703300000000001
ROUTE_PAYMENT_MES_AV_SUCC=4.644524042114403
ROUTE_PAYMENT_HOPS_AV=37.226600000000026
ROUTE_PAYMENT_HOPS_AV_SUCC=30.031477260392926
ROUTE_PAYMENT_SUCCESS_DIRECT=0.9213
ROUTE_PAYMENT_SUCCESS=0.9213
