ROUTE_PAYMENT_MES_AV=5.644899999999998
ROUTE_PAYMENT_MES_AV_SUCC=4.84223509223509
ROUTE_PAYMENT_HOPS_AV=8.725900000000005
ROUTE_PAYMENT_HOPS_AV_SUCC=7.361647361647361
ROUTE_PAYMENT_SUCCESS_DIRECT=0.9324
ROUTE_PAYMENT_SUCCESS=0.9324
