ROUTE_PAYMENT_MES_AV=5.736399999999999
ROUTE_PAYMENT_MES_AV_SUCC=4.722008135302931
ROUTE_PAYMENT_HOPS_AV=5.420500000000002
ROUTE_PAYMENT_HOPS_AV_SUCC=4.612181545707556
ROUTE_PAYMENT_SUCCESS_DIRECT=0.9342
ROUTE_PAYMENT_SUCCESS=0.9342
