ROUTE_PAYMENT_MES_AV=5.318900000000003
ROUTE_PAYMENT_MES_AV_SUCC=4.539503879357446
ROUTE_PAYMENT_HOPS_AV=5.2284
ROUTE_PAYMENT_HOPS_AV_SUCC=4.528139001202055
ROUTE_PAYMENT_SUCCESS_DIRECT=0.9151
ROUTE_PAYMENT_SUCCESS=0.9151
