ROUTE_PAYMENT_MES_AV=5.062700000000002
ROUTE_PAYMENT_MES_AV_SUCC=4.573069700651718
ROUTE_PAYMENT_HOPS_AV=39.292700000000025
ROUTE_PAYMENT_HOPS_AV_SUCC=34.87352258919696
ROUTE_PAYMENT_SUCCESS_DIRECT=0.9053
ROUTE_PAYMENT_SUCCESS=0.9053
