ROUTE_PAYMENT_MES_AV=5.133800000000001
ROUTE_PAYMENT_MES_AV_SUCC=4.562520766419316
ROUTE_PAYMENT_HOPS_AV=33.14080000000003
ROUTE_PAYMENT_HOPS_AV_SUCC=28.79986709491637
ROUTE_PAYMENT_SUCCESS_DIRECT=0.9029
ROUTE_PAYMENT_SUCCESS=0.9029
