ROUTE_PAYMENT_MES_AV=7.700299999999998
ROUTE_PAYMENT_MES_AV_SUCC=6.672365890147467
ROUTE_PAYMENT_HOPS_AV=4.6568999999999985
ROUTE_PAYMENT_HOPS_AV_SUCC=4.363004915580252
ROUTE_PAYMENT_SUCCESS_DIRECT=0.9358
ROUTE_PAYMENT_SUCCESS=0.9358
