ROUTE_PAYMENT_MES_AV=7.5916999999999994
ROUTE_PAYMENT_MES_AV_SUCC=6.232420765648072
ROUTE_PAYMENT_HOPS_AV=10.922800000000004
ROUTE_PAYMENT_HOPS_AV_SUCC=9.876746563671478
ROUTE_PAYMENT_SUCCESS_DIRECT=0.8803
ROUTE_PAYMENT_SUCCESS=0.8803
