ROUTE_PAYMENT_MES_AV=4.036299999999999
ROUTE_PAYMENT_MES_AV_SUCC=3.716194548369856
ROUTE_PAYMENT_HOPS_AV=3.224999999999999
ROUTE_PAYMENT_HOPS_AV_SUCC=3.661678246926777
ROUTE_PAYMENT_SUCCESS_DIRECT=0.5613
ROUTE_PAYMENT_SUCCESS=0.5613
