ROUTE_PAYMENT_MES_AV=6.545400000000002
ROUTE_PAYMENT_MES_AV_SUCC=5.773385881534716
ROUTE_PAYMENT_HOPS_AV=7.847400000000003
ROUTE_PAYMENT_HOPS_AV_SUCC=7.929755419033267
ROUTE_PAYMENT_SUCCESS_DIRECT=0.8627
ROUTE_PAYMENT_SUCCESS=0.8627
