ROUTE_PAYMENT_MES_AV=4.924699999999999
ROUTE_PAYMENT_MES_AV_SUCC=4.550069156293221
ROUTE_PAYMENT_HOPS_AV=12.194000000000003
ROUTE_PAYMENT_HOPS_AV_SUCC=14.351590594744117
ROUTE_PAYMENT_SUCCESS_DIRECT=0.723
ROUTE_PAYMENT_SUCCESS=0.723
