ROUTE_PAYMENT_MES_AV=5.783200000000002
ROUTE_PAYMENT_MES_AV_SUCC=4.765450643776827
ROUTE_PAYMENT_HOPS_AV=5.494800000000001
ROUTE_PAYMENT_HOPS_AV_SUCC=4.651180257510729
ROUTE_PAYMENT_SUCCESS_DIRECT=0.932
ROUTE_PAYMENT_SUCCESS=0.932
