ROUTE_PAYMENT_MES_AV=5.930599999999998
ROUTE_PAYMENT_MES_AV_SUCC=4.75954814416353
ROUTE_PAYMENT_HOPS_AV=9.357199999999999
ROUTE_PAYMENT_HOPS_AV_SUCC=7.530930607853686
ROUTE_PAYMENT_SUCCESS_DIRECT=0.9295
ROUTE_PAYMENT_SUCCESS=0.9295
