ROUTE_PAYMENT_MES_AV=6.7465
ROUTE_PAYMENT_MES_AV_SUCC=5.337930161943319
ROUTE_PAYMENT_HOPS_AV=20.542700000000014
ROUTE_PAYMENT_HOPS_AV_SUCC=18.994433198380563
ROUTE_PAYMENT_SUCCESS_DIRECT=0.7904
ROUTE_PAYMENT_SUCCESS=0.7904
