ROUTE_PAYMENT_MES_AV=5.1592
ROUTE_PAYMENT_MES_AV_SUCC=4.535468853912658
ROUTE_PAYMENT_HOPS_AV=5.088400000000001
ROUTE_PAYMENT_HOPS_AV_SUCC=4.529040124140988
ROUTE_PAYMENT_SUCCESS_DIRECT=0.9022
ROUTE_PAYMENT_SUCCESS=0.9022
