ROUTE_PAYMENT_MES_AV=6.067499999999996
ROUTE_PAYMENT_MES_AV_SUCC=4.6942927362097215
ROUTE_PAYMENT_HOPS_AV=26.59760000000001
ROUTE_PAYMENT_HOPS_AV_SUCC=25.341343528126703
ROUTE_PAYMENT_SUCCESS_DIRECT=0.7324
ROUTE_PAYMENT_SUCCESS=0.7324
