ROUTE_PAYMENT_MES_AV=5.7173
ROUTE_PAYMENT_MES_AV_SUCC=4.701028718388343
ROUTE_PAYMENT_HOPS_AV=5.4422000000000015
ROUTE_PAYMENT_HOPS_AV_SUCC=4.577689669952852
ROUTE_PAYMENT_SUCCESS_DIRECT=0.9332
ROUTE_PAYMENT_SUCCESS=0.9332
