ROUTE_PAYMENT_MES_AV=5.678199999999999
ROUTE_PAYMENT_MES_AV_SUCC=4.657161304207465
ROUTE_PAYMENT_HOPS_AV=5.393100000000001
ROUTE_PAYMENT_HOPS_AV_SUCC=4.5489077800495
ROUTE_PAYMENT_SUCCESS_DIRECT=0.9293
ROUTE_PAYMENT_SUCCESS=0.9293
