ROUTE_PAYMENT_MES_AV=5.060499999999999
ROUTE_PAYMENT_MES_AV_SUCC=4.54679203539823
ROUTE_PAYMENT_HOPS_AV=31.395
ROUTE_PAYMENT_HOPS_AV_SUCC=27.74004424778761
ROUTE_PAYMENT_SUCCESS_DIRECT=0.904
ROUTE_PAYMENT_SUCCESS=0.904
