ROUTE_PAYMENT_MES_AV=6.378200000000005
ROUTE_PAYMENT_MES_AV_SUCC=5.007602113129752
ROUTE_PAYMENT_HOPS_AV=4.153500000000001
ROUTE_PAYMENT_HOPS_AV_SUCC=3.973843576858652
ROUTE_PAYMENT_SUCCESS_DIRECT=0.7761
ROUTE_PAYMENT_SUCCESS=0.7761
