ROUTE_PAYMENT_MES_AV=5.3077000000000005
ROUTE_PAYMENT_MES_AV_SUCC=4.5371164632134615
ROUTE_PAYMENT_HOPS_AV=17.79130000000001
ROUTE_PAYMENT_HOPS_AV_SUCC=15.362696579786643
ROUTE_PAYMENT_SUCCESS_DIRECT=0.9093
ROUTE_PAYMENT_SUCCESS=0.9093
