ROUTE_PAYMENT_MES_AV=5.83057	5.8149000000000015	5.6318	6.056299999999997	0.01477760409999985	0.012522300899999738	0.017534085788888876	5.777292592071986	5.883847407928013
ROUTE_PAYMENT_MES_AV_SUCC=4.760602124221977	4.759021867930626	4.6498484192291025	4.9333047853548875	0.006894011864696835	0.004867408858085007	0.00937097109500018	4.7242125405616635	4.796991707882291
ROUTE_PAYMENT_HOPS_AV=5.540475	5.538800000000005	5.349399999999998	5.7471	0.011426859875000066	0.009879425625000148	0.013318168402777749	5.4936255470171735	5.587324452982826
ROUTE_PAYMENT_HOPS_AV_SUCC=4.656927676663313	4.654652046466182	4.551320918146382	4.81950540627342	0.0058168504094028226	0.003826273003111833	0.008802716518839309	4.623501629534792	4.6903537237918345
ROUTE_PAYMENT_SUCCESS_DIRECT=0.9275100000000001	0.9283	0.9211	0.9345	1.5804899999999995E-5	1.787387777777809E-5	1.4112099999999724E-5	0.9257676437815419	0.9292523562184583
ROUTE_PAYMENT_SUCCESS=0.9275100000000001	0.9283	0.9211	0.9345	1.5804899999999995E-5	1.787387777777809E-5	1.4112099999999724E-5	0.9257676437815419	0.9292523562184583
