ROUTE_PAYMENT_MES_AV=7.379399999999999
ROUTE_PAYMENT_MES_AV_SUCC=6.01405995816872
ROUTE_PAYMENT_HOPS_AV=4.496999999999998
ROUTE_PAYMENT_HOPS_AV_SUCC=4.240994654891935
ROUTE_PAYMENT_SUCCESS_DIRECT=0.8606
ROUTE_PAYMENT_SUCCESS=0.8606
