ROUTE_PAYMENT_MES_AV=4.902699999999999
ROUTE_PAYMENT_MES_AV_SUCC=4.4045707915273145
ROUTE_PAYMENT_HOPS_AV=35.67000000000001
ROUTE_PAYMENT_HOPS_AV_SUCC=31.532887402452626
ROUTE_PAYMENT_SUCCESS_DIRECT=0.897
ROUTE_PAYMENT_SUCCESS=0.897
