ROUTE_PAYMENT_MES_AV=6.727800000000003
ROUTE_PAYMENT_MES_AV_SUCC=5.299813548788068
ROUTE_PAYMENT_HOPS_AV=4.2964
ROUTE_PAYMENT_HOPS_AV_SUCC=4.046364201367309
ROUTE_PAYMENT_SUCCESS_DIRECT=0.8045
ROUTE_PAYMENT_SUCCESS=0.8045
