ROUTE_PAYMENT_MES_AV=5.278200000000002
ROUTE_PAYMENT_MES_AV_SUCC=4.772456747404845
ROUTE_PAYMENT_HOPS_AV=11.233899999999993
ROUTE_PAYMENT_HOPS_AV_SUCC=13.033079584775088
ROUTE_PAYMENT_SUCCESS_DIRECT=0.7225
ROUTE_PAYMENT_SUCCESS=0.7225
