ROUTE_PAYMENT_MES_AV=8.782900000000003
ROUTE_PAYMENT_MES_AV_SUCC=7.287577002053388
ROUTE_PAYMENT_HOPS_AV=4.921800000000003
ROUTE_PAYMENT_HOPS_AV_SUCC=4.501026694045174
ROUTE_PAYMENT_SUCCESS_DIRECT=0.974
ROUTE_PAYMENT_SUCCESS=0.974
