ROUTE_PAYMENT_MES_AV=6.130700000000001
ROUTE_PAYMENT_MES_AV_SUCC=4.709664039817503
ROUTE_PAYMENT_HOPS_AV=26.31260000000001
ROUTE_PAYMENT_HOPS_AV_SUCC=24.86644545831603
ROUTE_PAYMENT_SUCCESS_DIRECT=0.7233
ROUTE_PAYMENT_SUCCESS=0.7233
