ROUTE_PAYMENT_MES_AV=5.119299999999999
ROUTE_PAYMENT_MES_AV_SUCC=4.490250696378833
ROUTE_PAYMENT_HOPS_AV=40.291600000000045
ROUTE_PAYMENT_HOPS_AV_SUCC=34.46729805013928
ROUTE_PAYMENT_SUCCESS_DIRECT=0.8975
ROUTE_PAYMENT_SUCCESS=0.8975
