ROUTE_PAYMENT_MES_AV=5.865399999999999
ROUTE_PAYMENT_MES_AV_SUCC=4.761415278078337
ROUTE_PAYMENT_HOPS_AV=5.5541000000000045
ROUTE_PAYMENT_HOPS_AV_SUCC=4.655377623890932
ROUTE_PAYMENT_SUCCESS_DIRECT=0.9242
ROUTE_PAYMENT_SUCCESS=0.9242
