ROUTE_PAYMENT_MES_AV=6.009200000000001
ROUTE_PAYMENT_MES_AV_SUCC=4.589371279221722
ROUTE_PAYMENT_HOPS_AV=30.115599999999997
ROUTE_PAYMENT_HOPS_AV_SUCC=29.005662843037612
ROUTE_PAYMENT_SUCCESS_DIRECT=0.6887
ROUTE_PAYMENT_SUCCESS=0.6887
