ROUTE_PAYMENT_MES_AV=3.7405
ROUTE_PAYMENT_MES_AV_SUCC=3.763166953528399
ROUTE_PAYMENT_HOPS_AV=16.6218
ROUTE_PAYMENT_HOPS_AV_SUCC=22.487607573149738
ROUTE_PAYMENT_SUCCESS_DIRECT=0.581
ROUTE_PAYMENT_SUCCESS=0.581
