ROUTE_PAYMENT_MES_AV=5.030899999999997
ROUTE_PAYMENT_MES_AV_SUCC=4.519680674132387
ROUTE_PAYMENT_HOPS_AV=36.516100000000016
ROUTE_PAYMENT_HOPS_AV_SUCC=32.211220756181405
ROUTE_PAYMENT_SUCCESS_DIRECT=0.9019
ROUTE_PAYMENT_SUCCESS=0.9019
