ROUTE_PAYMENT_MES_AV=5.8969000000000005
ROUTE_PAYMENT_MES_AV_SUCC=4.748028909329827
ROUTE_PAYMENT_HOPS_AV=26.965699999999995
ROUTE_PAYMENT_HOPS_AV_SUCC=21.442509855453352
ROUTE_PAYMENT_SUCCESS_DIRECT=0.9132
ROUTE_PAYMENT_SUCCESS=0.9132
