ROUTE_PAYMENT_MES_AV=4.027799999999999
ROUTE_PAYMENT_MES_AV_SUCC=3.93107326478149
ROUTE_PAYMENT_HOPS_AV=15.521499999999998
ROUTE_PAYMENT_HOPS_AV_SUCC=20.132390745501286
ROUTE_PAYMENT_SUCCESS_DIRECT=0.6224
ROUTE_PAYMENT_SUCCESS=0.6224
