ROUTE_PAYMENT_MES_AV=3.625
ROUTE_PAYMENT_MES_AV_SUCC=3.745655877342419
ROUTE_PAYMENT_HOPS_AV=18.1558
ROUTE_PAYMENT_HOPS_AV_SUCC=24.384497444633727
ROUTE_PAYMENT_SUCCESS_DIRECT=0.587
ROUTE_PAYMENT_SUCCESS=0.587
