ROUTE_PAYMENT_MES_AV=4.75	4.75	4.75	4.75	0.0	0.0	0.0	4.75	4.75
ROUTE_PAYMENT_MES_AV_SUCC=0.0	0.0	0.0	0.0	0.0	0.0	0.0	0.0	0.0
ROUTE_PAYMENT_HOPS_AV=3.375	3.375	3.375	3.375	0.0	0.0	0.0	3.375	3.375
ROUTE_PAYMENT_HOPS_AV_SUCC=0.0	0.0	0.0	0.0	0.0	0.0	0.0	0.0	0.0
ROUTE_PAYMENT_SUCCESS_DIRECT=0.0	0.0	0.0	0.0	0.0	0.0	0.0	0.0	0.0
ROUTE_PAYMENT_SUCCESS=0.0	0.0	0.0	0.0	0.0	0.0	0.0	0.0	0.0
ROUTE_PAYMENT_FEE_AV=0.29123613911290325	0.29123613911290325	0.29123613911290325	0.29123613911290325	0.0	0.0	0.0	0.29123613911290325	0.29123613911290325
ROUTE_PAYMENT_FEE_MED=0.328125	0.328125	0.328125	0.328125	0.0	0.0	0.0	0.328125	0.328125
ROUTE_PAYMENT_FEE_Q1=0.140625	0.140625	0.140625	0.140625	0.0	0.0	0.0	0.140625	0.140625
ROUTE_PAYMENT_FEE_Q3=0.375	0.375	0.375	0.375	0.0	0.0	0.0	0.375	0.375
