ROUTE_PAYMENT_MES_AV=6.227599999999999
ROUTE_PAYMENT_MES_AV_SUCC=4.807144850683783
ROUTE_PAYMENT_HOPS_AV=26.792799999999982
ROUTE_PAYMENT_HOPS_AV_SUCC=25.30979626011722
ROUTE_PAYMENT_SUCCESS_DIRECT=0.7166
ROUTE_PAYMENT_SUCCESS=0.7166
