ROUTE_PAYMENT_MES_AV=3.8597999999999995
ROUTE_PAYMENT_MES_AV_SUCC=3.8975732217573236
ROUTE_PAYMENT_HOPS_AV=16.874799999999993
ROUTE_PAYMENT_HOPS_AV_SUCC=22.410878661087864
ROUTE_PAYMENT_SUCCESS_DIRECT=0.5975
ROUTE_PAYMENT_SUCCESS=0.5975
