ROUTE_PAYMENT_MES_AV=3.6736
ROUTE_PAYMENT_MES_AV_SUCC=3.805813342672036
ROUTE_PAYMENT_HOPS_AV=17.921600000000005
ROUTE_PAYMENT_HOPS_AV_SUCC=24.507791980388724
ROUTE_PAYMENT_SUCCESS_DIRECT=0.5711
ROUTE_PAYMENT_SUCCESS=0.5711
