ROUTE_PAYMENT_MES_AV=5.3261
ROUTE_PAYMENT_MES_AV_SUCC=4.591850147880381
ROUTE_PAYMENT_HOPS_AV=22.495599999999982
ROUTE_PAYMENT_HOPS_AV_SUCC=19.14941395552633
ROUTE_PAYMENT_SUCCESS_DIRECT=0.9129
ROUTE_PAYMENT_SUCCESS=0.9129
