ROUTE_PAYMENT_MES_AV=5.502529999999999	5.500899999999998	5.359100000000002	5.644899999999996	0.007824712099999857	0.007112543081817995	0.008695140899999908	5.463761833933392	5.541298166066606
ROUTE_PAYMENT_MES_AV_SUCC=4.646083788014946	4.670759534934261	4.545828819068256	4.7202895419187545	0.0027269471373896144	0.0035154420679018275	0.002081814921515985	4.623197285308114	4.668970290721777
ROUTE_PAYMENT_HOPS_AV=5.324005	5.3176000000000005	5.189400000000001	5.4406	0.005547774475000015	0.005092315479545428	0.006104446580555622	5.291361217725912	5.356648782274087
ROUTE_PAYMENT_HOPS_AV_SUCC=4.582102886435937	4.6045553145336235	4.4774647887323935	4.663029386343991	0.0023381611415973606	0.0029396854694524006	0.001846004873352327	4.560910576696835	4.603295196175039
ROUTE_PAYMENT_SUCCESS_DIRECT=0.9227500000000001	0.9222	0.9169	0.9284	9.33349999999992E-6	7.125833333333549E-6	1.2644999999999485E-5	0.9214110531451921	0.924088946854808
ROUTE_PAYMENT_SUCCESS=0.9227500000000001	0.9222	0.9169	0.9284	9.33349999999992E-6	7.125833333333549E-6	1.2644999999999485E-5	0.9214110531451921	0.924088946854808
