ROUTE_PAYMENT_MES_AV=5.341
ROUTE_PAYMENT_MES_AV_SUCC=4.611080178173719
ROUTE_PAYMENT_HOPS_AV=3.811799999999999
ROUTE_PAYMENT_HOPS_AV_SUCC=3.924832962138085
ROUTE_PAYMENT_SUCCESS_DIRECT=0.7184
ROUTE_PAYMENT_SUCCESS=0.7184
