ROUTE_PAYMENT_MES_AV=5.5902
ROUTE_PAYMENT_MES_AV_SUCC=4.635434782608698
ROUTE_PAYMENT_HOPS_AV=5.374599999999999
ROUTE_PAYMENT_HOPS_AV_SUCC=4.544782608695652
ROUTE_PAYMENT_SUCCESS_DIRECT=0.92
ROUTE_PAYMENT_SUCCESS=0.92
