ROUTE_PAYMENT_MES_AV=6.233900000000001
ROUTE_PAYMENT_MES_AV_SUCC=4.882337102854065
ROUTE_PAYMENT_HOPS_AV=4.0748999999999995
ROUTE_PAYMENT_HOPS_AV_SUCC=3.982364028002155
ROUTE_PAYMENT_SUCCESS_DIRECT=0.7428
ROUTE_PAYMENT_SUCCESS=0.7428
