ROUTE_PAYMENT_MES_AV=6.1731
ROUTE_PAYMENT_MES_AV_SUCC=4.879291959906163
ROUTE_PAYMENT_HOPS_AV=5.773999999999998
ROUTE_PAYMENT_HOPS_AV_SUCC=4.728620174877371
ROUTE_PAYMENT_SUCCESS_DIRECT=0.9378
ROUTE_PAYMENT_SUCCESS=0.9378
