ROUTE_PAYMENT_MES_AV=3.9893
ROUTE_PAYMENT_MES_AV_SUCC=3.689491286745291
ROUTE_PAYMENT_HOPS_AV=3.2035
ROUTE_PAYMENT_HOPS_AV_SUCC=3.6336912515402213
ROUTE_PAYMENT_SUCCESS_DIRECT=0.5681
ROUTE_PAYMENT_SUCCESS=0.5681
