ROUTE_PAYMENT_MES_AV=5.8409
ROUTE_PAYMENT_MES_AV_SUCC=4.729726822972679
ROUTE_PAYMENT_HOPS_AV=5.491400000000001
ROUTE_PAYMENT_HOPS_AV_SUCC=4.594536459453643
ROUTE_PAYMENT_SUCCESS_DIRECT=0.9298
ROUTE_PAYMENT_SUCCESS=0.9298
