ROUTE_PAYMENT_MES_AV=6.5717
ROUTE_PAYMENT_MES_AV_SUCC=5.200051995320418
ROUTE_PAYMENT_HOPS_AV=4.197400000000001
ROUTE_PAYMENT_HOPS_AV_SUCC=4.053295203431691
ROUTE_PAYMENT_SUCCESS_DIRECT=0.7693
ROUTE_PAYMENT_SUCCESS=0.7693
