ROUTE_PAYMENT_MES_AV=5.9110000000000005
ROUTE_PAYMENT_MES_AV_SUCC=4.9024520255863555
ROUTE_PAYMENT_HOPS_AV=5.6306
ROUTE_PAYMENT_HOPS_AV_SUCC=4.768550106609807
ROUTE_PAYMENT_SUCCESS_DIRECT=0.938
ROUTE_PAYMENT_SUCCESS=0.938
