ROUTE_PAYMENT_MES_AV=3.4978999999999996
ROUTE_PAYMENT_MES_AV_SUCC=3.71301247771836
ROUTE_PAYMENT_HOPS_AV=19.60829999999999
ROUTE_PAYMENT_HOPS_AV_SUCC=26.881639928698736
ROUTE_PAYMENT_SUCCESS_DIRECT=0.561
ROUTE_PAYMENT_SUCCESS=0.561
