ROUTE_PAYMENT_MES_AV=7.1131
ROUTE_PAYMENT_MES_AV_SUCC=6.346842394288853
ROUTE_PAYMENT_HOPS_AV=7.086400000000001
ROUTE_PAYMENT_HOPS_AV_SUCC=7.031630971993411
ROUTE_PAYMENT_SUCCESS_DIRECT=0.9105
ROUTE_PAYMENT_SUCCESS=0.9105
