ROUTE_PAYMENT_MES_AV=5.945900000000002
ROUTE_PAYMENT_MES_AV_SUCC=4.8698928154515535
ROUTE_PAYMENT_HOPS_AV=5.579400000000003
ROUTE_PAYMENT_HOPS_AV_SUCC=4.717287488061126
ROUTE_PAYMENT_SUCCESS_DIRECT=0.9423
ROUTE_PAYMENT_SUCCESS=0.9423
