ROUTE_PAYMENT_MES_AV=6.036
ROUTE_PAYMENT_MES_AV_SUCC=4.724580883953841
ROUTE_PAYMENT_HOPS_AV=5.7112
ROUTE_PAYMENT_HOPS_AV_SUCC=4.6057043326801645
ROUTE_PAYMENT_SUCCESS_DIRECT=0.9186
ROUTE_PAYMENT_SUCCESS=0.9186
