ROUTE_PAYMENT_MES_AV=4.9416
ROUTE_PAYMENT_MES_AV_SUCC=4.438210848643919
ROUTE_PAYMENT_HOPS_AV=4.863000000000003
ROUTE_PAYMENT_HOPS_AV_SUCC=4.430446194225722
ROUTE_PAYMENT_SUCCESS_DIRECT=0.9144
ROUTE_PAYMENT_SUCCESS=0.9144
