ROUTE_PAYMENT_MES_AV=5.7667
ROUTE_PAYMENT_MES_AV_SUCC=5.235301460491825
ROUTE_PAYMENT_HOPS_AV=9.9281
ROUTE_PAYMENT_HOPS_AV_SUCC=10.853950817625767
ROUTE_PAYMENT_SUCCESS_DIRECT=0.8011
ROUTE_PAYMENT_SUCCESS=0.8011
