ROUTE_PAYMENT_MES_AV=8.2007
ROUTE_PAYMENT_MES_AV_SUCC=6.686107608238755
ROUTE_PAYMENT_HOPS_AV=4.791100000000002
ROUTE_PAYMENT_HOPS_AV_SUCC=4.354665825977301
ROUTE_PAYMENT_SUCCESS_DIRECT=0.9516
ROUTE_PAYMENT_SUCCESS=0.9516
