ROUTE_PAYMENT_MES_AV=5.7802999999999995
ROUTE_PAYMENT_MES_AV_SUCC=4.7916982767963585
ROUTE_PAYMENT_HOPS_AV=5.481699999999998
ROUTE_PAYMENT_HOPS_AV_SUCC=4.687330660019509
ROUTE_PAYMENT_SUCCESS_DIRECT=0.9227
ROUTE_PAYMENT_SUCCESS=0.9227
