ROUTE_PAYMENT_MES_AV=5.851999999999998
ROUTE_PAYMENT_MES_AV_SUCC=4.742983592400687
ROUTE_PAYMENT_HOPS_AV=42.4999
ROUTE_PAYMENT_HOPS_AV_SUCC=34.12327288428323
ROUTE_PAYMENT_SUCCESS_DIRECT=0.9264
ROUTE_PAYMENT_SUCCESS=0.9264
