ROUTE_PAYMENT_MES_AV=5.9171000000000005
ROUTE_PAYMENT_MES_AV_SUCC=4.700772200772203
ROUTE_PAYMENT_HOPS_AV=26.7711
ROUTE_PAYMENT_HOPS_AV_SUCC=25.827357970215125
ROUTE_PAYMENT_SUCCESS_DIRECT=0.7252
ROUTE_PAYMENT_SUCCESS=0.7252
