ROUTE_PAYMENT_MES_AV=5.877100000000003
ROUTE_PAYMENT_MES_AV_SUCC=4.772187131998716
ROUTE_PAYMENT_HOPS_AV=5.5476
ROUTE_PAYMENT_HOPS_AV_SUCC=4.625628947650147
ROUTE_PAYMENT_SUCCESS_DIRECT=0.9341
ROUTE_PAYMENT_SUCCESS=0.9341
