ROUTE_PAYMENT_MES_AV=5.7676
ROUTE_PAYMENT_MES_AV_SUCC=4.491389207807118
ROUTE_PAYMENT_HOPS_AV=29.47640000000001
ROUTE_PAYMENT_HOPS_AV_SUCC=28.439437428243416
ROUTE_PAYMENT_SUCCESS_DIRECT=0.6968
ROUTE_PAYMENT_SUCCESS=0.6968
