ROUTE_PAYMENT_MES_AV=5.887100000000006
ROUTE_PAYMENT_MES_AV_SUCC=4.767887746358183
ROUTE_PAYMENT_HOPS_AV=5.553000000000003
ROUTE_PAYMENT_HOPS_AV_SUCC=4.631640959725793
ROUTE_PAYMENT_SUCCESS_DIRECT=0.9336
ROUTE_PAYMENT_SUCCESS=0.9336
