ROUTE_PAYMENT_MES_AV=5.538300000000004
ROUTE_PAYMENT_MES_AV_SUCC=4.637218245913895
ROUTE_PAYMENT_HOPS_AV=5.2823
ROUTE_PAYMENT_HOPS_AV_SUCC=4.526653135348786
ROUTE_PAYMENT_SUCCESS_DIRECT=0.9361
ROUTE_PAYMENT_SUCCESS=0.9361
