ROUTE_PAYMENT_MES_AV=10.59
ROUTE_PAYMENT_MES_AV_SUCC=9.471698113207548
ROUTE_PAYMENT_HOPS_AV=2.69
ROUTE_PAYMENT_HOPS_AV_SUCC=3.452830188679245
ROUTE_PAYMENT_SUCCESS_DIRECT=0.53
ROUTE_PAYMENT_SUCCESS=0.53
ROUTE_PAYMENT_FEE_AV=1.0002824153197307
ROUTE_PAYMENT_FEE_MED=2.0005648306394614
ROUTE_PAYMENT_FEE_Q1=1.0002824153197307
ROUTE_PAYMENT_FEE_Q3=1.0002824153197307
