ROUTE_PAYMENT_MES_AV=11.190000000000001
ROUTE_PAYMENT_MES_AV_SUCC=9.25
ROUTE_PAYMENT_HOPS_AV=2.91
ROUTE_PAYMENT_HOPS_AV_SUCC=3.660714285714285
ROUTE_PAYMENT_SUCCESS_DIRECT=0.56
ROUTE_PAYMENT_SUCCESS=0.56
ROUTE_PAYMENT_FEE_AV=1.000016170561538
ROUTE_PAYMENT_FEE_MED=1.0000223714872198
ROUTE_PAYMENT_FEE_Q1=1.0000045794486767
ROUTE_PAYMENT_FEE_Q3=1.0000223714872198
