ROUTE_PAYMENT_MES_AV=5.206499999999999
ROUTE_PAYMENT_MES_AV_SUCC=4.618195701974473
ROUTE_PAYMENT_HOPS_AV=5.127499999999998
ROUTE_PAYMENT_HOPS_AV_SUCC=4.606632486091413
ROUTE_PAYMENT_SUCCESS_DIRECT=0.9167
ROUTE_PAYMENT_SUCCESS=0.9167
