ROUTE_PAYMENT_MES_AV=5.0862
ROUTE_PAYMENT_MES_AV_SUCC=4.457114903793893
ROUTE_PAYMENT_HOPS_AV=4.982899999999998
ROUTE_PAYMENT_HOPS_AV_SUCC=4.439504293944995
ROUTE_PAYMENT_SUCCESS_DIRECT=0.9199
ROUTE_PAYMENT_SUCCESS=0.9199
