ROUTE_PAYMENT_MES_AV=6.281900000000002
ROUTE_PAYMENT_MES_AV_SUCC=5.2366938008766395
ROUTE_PAYMENT_HOPS_AV=18.012099999999993
ROUTE_PAYMENT_HOPS_AV_SUCC=17.24195366311834
ROUTE_PAYMENT_SUCCESS_DIRECT=0.7985
ROUTE_PAYMENT_SUCCESS=0.7985
