ROUTE_PAYMENT_MES_AV=5.914500000000001
ROUTE_PAYMENT_MES_AV_SUCC=4.785070785070786
ROUTE_PAYMENT_HOPS_AV=5.602800000000003
ROUTE_PAYMENT_HOPS_AV_SUCC=4.65615615615616
ROUTE_PAYMENT_SUCCESS_DIRECT=0.9324
ROUTE_PAYMENT_SUCCESS=0.9324
