ROUTE_PAYMENT_MES_AV=5.2322999999999995
ROUTE_PAYMENT_MES_AV_SUCC=4.6143783664944475
ROUTE_PAYMENT_HOPS_AV=5.147500000000002
ROUTE_PAYMENT_HOPS_AV_SUCC=4.603825436957236
ROUTE_PAYMENT_SUCCESS_DIRECT=0.9097
ROUTE_PAYMENT_SUCCESS=0.9097
