ROUTE_PAYMENT_MES_AV=5.633199999999999
ROUTE_PAYMENT_MES_AV_SUCC=4.670759534934261
ROUTE_PAYMENT_HOPS_AV=5.4289000000000005
ROUTE_PAYMENT_HOPS_AV_SUCC=4.606975986091491
ROUTE_PAYMENT_SUCCESS_DIRECT=0.9203
ROUTE_PAYMENT_SUCCESS=0.9203
