ROUTE_PAYMENT_MES_AV=8.864700000000001
ROUTE_PAYMENT_MES_AV_SUCC=7.0910677618069755
ROUTE_PAYMENT_HOPS_AV=4.9178
ROUTE_PAYMENT_HOPS_AV_SUCC=4.4931211498973305
ROUTE_PAYMENT_SUCCESS_DIRECT=0.974
ROUTE_PAYMENT_SUCCESS=0.974
