ROUTE_PAYMENT_MES_AV=5.2123
ROUTE_PAYMENT_MES_AV_SUCC=4.522697368421053
ROUTE_PAYMENT_HOPS_AV=5.125799999999999
ROUTE_PAYMENT_HOPS_AV_SUCC=4.510855263157895
ROUTE_PAYMENT_SUCCESS_DIRECT=0.912
ROUTE_PAYMENT_SUCCESS=0.912
