ROUTE_PAYMENT_MES_AV=7.594399999999999
ROUTE_PAYMENT_MES_AV_SUCC=6.055202901836319
ROUTE_PAYMENT_HOPS_AV=4.573999999999998
ROUTE_PAYMENT_HOPS_AV_SUCC=4.2234187259124925
ROUTE_PAYMENT_SUCCESS_DIRECT=0.8822
ROUTE_PAYMENT_SUCCESS=0.8822
