ROUTE_PAYMENT_MES_AV=5.6143
ROUTE_PAYMENT_MES_AV_SUCC=4.7203699720369965
ROUTE_PAYMENT_HOPS_AV=27.753400000000013
ROUTE_PAYMENT_HOPS_AV_SUCC=23.193052269305216
ROUTE_PAYMENT_SUCCESS_DIRECT=0.9298
ROUTE_PAYMENT_SUCCESS=0.9298
