ROUTE_PAYMENT_MES_AV=5.426019999999999	5.4605	5.308300000000001	5.5044	0.004466906600000011	0.0059282866222221545	0.0032712320363637113	5.396728304594509	5.45531169540549
ROUTE_PAYMENT_MES_AV_SUCC=4.644225273832484	4.637012214895687	4.521969124473713	4.7791576673866105	0.003673703950495063	0.0029307687100405687	0.004788106811176806	4.617661293430235	4.670789254234734
ROUTE_PAYMENT_HOPS_AV=13.326845000000002	13.38580000000001	10.880500000000003	16.408400000000004	1.8707629924750004	1.911965917691665	1.8370515082068208	12.727398458935165	13.92629154106484
ROUTE_PAYMENT_HOPS_AV_SUCC=11.481324001299317	11.552849064810786	9.26470588235294	14.26636888549951	1.4955845489761015	1.535228477654979	1.463148607329748	10.945346501615488	12.017301500983146
ROUTE_PAYMENT_SUCCESS_DIRECT=0.9211950000000002	0.9231	0.9112	0.9316	2.7173475E-5	3.847127500000211E-5	1.9641608333331938E-5	0.9189103816340581	0.9234796183659423
ROUTE_PAYMENT_SUCCESS=0.9211950000000002	0.9231	0.9112	0.9316	2.7173475E-5	3.847127500000211E-5	1.9641608333331938E-5	0.9189103816340581	0.9234796183659423
