ROUTE_PAYMENT_MES_AV=5.8442
ROUTE_PAYMENT_MES_AV_SUCC=4.484883221091845
ROUTE_PAYMENT_HOPS_AV=30.193699999999996
ROUTE_PAYMENT_HOPS_AV_SUCC=29.0064479151741
ROUTE_PAYMENT_SUCCESS_DIRECT=0.6979
ROUTE_PAYMENT_SUCCESS=0.6979
