ROUTE_PAYMENT_MES_AV=19011.194199999987
ROUTE_PAYMENT_MES_AV_SUCC=11578.518413597736
ROUTE_PAYMENT_HOPS_AV=40.94599999999999
ROUTE_PAYMENT_HOPS_AV_SUCC=31.52812626467017
ROUTE_PAYMENT_SUCCESS_DIRECT=0.4942
ROUTE_PAYMENT_SUCCESS=0.4942
ROUTE_PAYMENT_FEE_AV=176.22323063056388
ROUTE_PAYMENT_FEE_MED=218.7913206593268
ROUTE_PAYMENT_FEE_Q1=42.90865877301702
ROUTE_PAYMENT_FEE_Q3=229.14886228915245
