ROUTE_PAYMENT_MES_AV=6.252399999999999
ROUTE_PAYMENT_MES_AV_SUCC=4.943697590842539
ROUTE_PAYMENT_HOPS_AV=4.0905
ROUTE_PAYMENT_HOPS_AV_SUCC=3.9687208838014105
ROUTE_PAYMENT_SUCCESS_DIRECT=0.7513
ROUTE_PAYMENT_SUCCESS=0.7513
