ROUTE_PAYMENT_MES_AV=31.767799999999983
ROUTE_PAYMENT_MES_AV_SUCC=31.875504032258064
ROUTE_PAYMENT_HOPS_AV=4.535899999999999
ROUTE_PAYMENT_HOPS_AV_SUCC=4.541028225806451
ROUTE_PAYMENT_SUCCESS_DIRECT=0.992
ROUTE_PAYMENT_SUCCESS=0.992
ROUTE_PAYMENT_FEE_AV=2.586690541592335
ROUTE_PAYMENT_FEE_MED=4.042130629834374
ROUTE_PAYMENT_FEE_Q1=1.9867454628362018
ROUTE_PAYMENT_FEE_Q3=3.0072762117160132
