ROUTE_PAYMENT_MES_AV=7.143000000000002
ROUTE_PAYMENT_MES_AV_SUCC=5.683669769128491
ROUTE_PAYMENT_HOPS_AV=17.510299999999987
ROUTE_PAYMENT_HOPS_AV_SUCC=15.791490390426684
ROUTE_PAYMENT_SUCCESS_DIRECT=0.8273
ROUTE_PAYMENT_SUCCESS=0.8273
