ROUTE_PAYMENT_MES_AV=5.2525
ROUTE_PAYMENT_MES_AV_SUCC=4.5953488372093005
ROUTE_PAYMENT_HOPS_AV=15.757
ROUTE_PAYMENT_HOPS_AV_SUCC=13.76744186046511
ROUTE_PAYMENT_SUCCESS_DIRECT=0.9245
ROUTE_PAYMENT_SUCCESS=0.9245
