ROUTE_PAYMENT_MES_AV=6.754199999999999
ROUTE_PAYMENT_MES_AV_SUCC=5.66022429014555
ROUTE_PAYMENT_HOPS_AV=13.984700000000005
ROUTE_PAYMENT_HOPS_AV_SUCC=13.357313290384162
ROUTE_PAYMENT_SUCCESS_DIRECT=0.8382
ROUTE_PAYMENT_SUCCESS=0.8382
