ROUTE_PAYMENT_MES_AV=5.946700000000001
ROUTE_PAYMENT_MES_AV_SUCC=4.736700118700769
ROUTE_PAYMENT_HOPS_AV=5.588700000000001
ROUTE_PAYMENT_HOPS_AV_SUCC=4.609366569547861
ROUTE_PAYMENT_SUCCESS_DIRECT=0.9267
ROUTE_PAYMENT_SUCCESS=0.9267
