ROUTE_PAYMENT_MES_AV=5.5528
ROUTE_PAYMENT_MES_AV_SUCC=4.610209820462905
ROUTE_PAYMENT_HOPS_AV=5.299799999999997
ROUTE_PAYMENT_HOPS_AV_SUCC=4.532338308457711
ROUTE_PAYMENT_SUCCESS_DIRECT=0.9246
ROUTE_PAYMENT_SUCCESS=0.9246
