ROUTE_PAYMENT_MES_AV=5.638399999999999
ROUTE_PAYMENT_MES_AV_SUCC=4.750214868929951
ROUTE_PAYMENT_HOPS_AV=23.783099999999983
ROUTE_PAYMENT_HOPS_AV_SUCC=19.723356252685857
ROUTE_PAYMENT_SUCCESS_DIRECT=0.9308
ROUTE_PAYMENT_SUCCESS=0.9308
