ROUTE_PAYMENT_MES_AV=6.040699999999998
ROUTE_PAYMENT_MES_AV_SUCC=4.649837363880637
ROUTE_PAYMENT_HOPS_AV=29.9925
ROUTE_PAYMENT_HOPS_AV_SUCC=28.882053457785336
ROUTE_PAYMENT_SUCCESS_DIRECT=0.7071
ROUTE_PAYMENT_SUCCESS=0.7071
