ROUTE_PAYMENT_MES_AV=5.937200000000001
ROUTE_PAYMENT_MES_AV_SUCC=4.716618326350841
ROUTE_PAYMENT_HOPS_AV=23.29990000000003
ROUTE_PAYMENT_HOPS_AV_SUCC=18.083145343216238
ROUTE_PAYMENT_SUCCESS_DIRECT=0.9309
ROUTE_PAYMENT_SUCCESS=0.9309
