ROUTE_PAYMENT_MES_AV=6.6797
ROUTE_PAYMENT_MES_AV_SUCC=5.805206773413202
ROUTE_PAYMENT_HOPS_AV=4.3222
ROUTE_PAYMENT_HOPS_AV_SUCC=4.1468724801290175
ROUTE_PAYMENT_SUCCESS_DIRECT=0.8681
ROUTE_PAYMENT_SUCCESS=0.8681
