ROUTE_PAYMENT_MES_AV=4.906699999999997
ROUTE_PAYMENT_MES_AV_SUCC=4.538245219347582
ROUTE_PAYMENT_HOPS_AV=11.735600000000002
ROUTE_PAYMENT_HOPS_AV_SUCC=13.7023340832396
ROUTE_PAYMENT_SUCCESS_DIRECT=0.7112
ROUTE_PAYMENT_SUCCESS=0.7112
