ROUTE_PAYMENT_MES_AV=5.104900000000002
ROUTE_PAYMENT_MES_AV_SUCC=4.546311520333223
ROUTE_PAYMENT_HOPS_AV=28.031200000000016
ROUTE_PAYMENT_HOPS_AV_SUCC=24.540063575578202
ROUTE_PAYMENT_SUCCESS_DIRECT=0.9123
ROUTE_PAYMENT_SUCCESS=0.9123
