ROUTE_PAYMENT_MES_AV=7.1826
ROUTE_PAYMENT_MES_AV_SUCC=6.29321120689655
ROUTE_PAYMENT_HOPS_AV=6.1945000000000014
ROUTE_PAYMENT_HOPS_AV_SUCC=5.950646551724137
ROUTE_PAYMENT_SUCCESS_DIRECT=0.928
ROUTE_PAYMENT_SUCCESS=0.928
