ROUTE_PAYMENT_MES_AV=3.4622999999999995
ROUTE_PAYMENT_MES_AV_SUCC=3.6656352071514524
ROUTE_PAYMENT_HOPS_AV=19.540800000000004
ROUTE_PAYMENT_HOPS_AV_SUCC=26.450747808148545
ROUTE_PAYMENT_SUCCESS_DIRECT=0.5817
ROUTE_PAYMENT_SUCCESS=0.5817
