ROUTE_PAYMENT_MES_AV=6.050800000000002
ROUTE_PAYMENT_MES_AV_SUCC=4.7586395301188364
ROUTE_PAYMENT_HOPS_AV=25.866800000000023
ROUTE_PAYMENT_HOPS_AV_SUCC=24.929654418795252
ROUTE_PAYMENT_SUCCESS_DIRECT=0.7321
ROUTE_PAYMENT_SUCCESS=0.7321
