ROUTE_PAYMENT_MES_AV=6.1644999999999985
ROUTE_PAYMENT_MES_AV_SUCC=4.847508591065293
ROUTE_PAYMENT_HOPS_AV=5.818700000000002
ROUTE_PAYMENT_HOPS_AV_SUCC=4.7157431271477686
ROUTE_PAYMENT_SUCCESS_DIRECT=0.9312
ROUTE_PAYMENT_SUCCESS=0.9312
