ROUTE_PAYMENT_MES_AV=5.887000000000001
ROUTE_PAYMENT_MES_AV_SUCC=4.764781767361856
ROUTE_PAYMENT_HOPS_AV=5.572900000000001
ROUTE_PAYMENT_HOPS_AV_SUCC=4.619651687809074
ROUTE_PAYMENT_SUCCESS_DIRECT=0.9302
ROUTE_PAYMENT_SUCCESS=0.9302
