ROUTE_PAYMENT_MES_AV=5.2529
ROUTE_PAYMENT_MES_AV_SUCC=4.490682544933293
ROUTE_PAYMENT_HOPS_AV=5.183900000000001
ROUTE_PAYMENT_HOPS_AV_SUCC=4.486933509758521
ROUTE_PAYMENT_SUCCESS_DIRECT=0.9069
ROUTE_PAYMENT_SUCCESS=0.9069
