ROUTE_PAYMENT_MES_AV=5.822069999999999	5.8487	5.552699999999998	6.083300000000001	0.01634774310000026	0.017999790100000128	0.014695696100000395	5.766033632392453	5.878106367607545
ROUTE_PAYMENT_MES_AV_SUCC=4.775184280331437	4.788409848403398	4.618946020908897	4.883877878950189	0.005317930329835287	0.006984728339494055	0.0039541865037508415	4.743223866414299	4.807144694248574
ROUTE_PAYMENT_HOPS_AV=13.145675	13.011499999999995	11.50140000000001	15.50240000000001	1.1504706318750024	0.8763617678977268	1.4854925767361171	12.675587349693645	13.615762650306356
ROUTE_PAYMENT_HOPS_AV_SUCC=10.757585227826594	10.705649475711535	9.359577221742878	12.298821007502683	0.8101419122191157	0.5595879428540032	1.1859728662667846	10.363108284902108	11.15206217075108
ROUTE_PAYMENT_SUCCESS_DIRECT=0.930985	0.9303	0.9252	0.9397	1.4882274999999956E-5	1.2099315909090593E-5	1.828366944444474E-5	0.9292942642483226	0.9326757357516773
ROUTE_PAYMENT_SUCCESS=0.930985	0.9303	0.9252	0.9397	1.4882274999999956E-5	1.2099315909090593E-5	1.828366944444474E-5	0.9292942642483226	0.9326757357516773
