ROUTE_PAYMENT_MES_AV=6.094000000000001
ROUTE_PAYMENT_MES_AV_SUCC=4.939983995732195
ROUTE_PAYMENT_HOPS_AV=23.500399999999992
ROUTE_PAYMENT_HOPS_AV_SUCC=23.025740197385975
ROUTE_PAYMENT_SUCCESS_DIRECT=0.7498
ROUTE_PAYMENT_SUCCESS=0.7498
