ROUTE_PAYMENT_MES_AV=5.588500000000002
ROUTE_PAYMENT_MES_AV_SUCC=4.705067128627111
ROUTE_PAYMENT_HOPS_AV=8.626699999999996
ROUTE_PAYMENT_HOPS_AV_SUCC=7.191208315288008
ROUTE_PAYMENT_SUCCESS_DIRECT=0.9236
ROUTE_PAYMENT_SUCCESS=0.9236
