ROUTE_PAYMENT_MES_AV=7.4405999999999946
ROUTE_PAYMENT_MES_AV_SUCC=6.313100099326786
ROUTE_PAYMENT_HOPS_AV=4.585800000000001
ROUTE_PAYMENT_HOPS_AV_SUCC=4.306257587462753
ROUTE_PAYMENT_SUCCESS_DIRECT=0.9061
ROUTE_PAYMENT_SUCCESS=0.9061
