ROUTE_PAYMENT_MES_AV=4.1988
ROUTE_PAYMENT_MES_AV_SUCC=3.821906212967666
ROUTE_PAYMENT_HOPS_AV=3.3098
ROUTE_PAYMENT_HOPS_AV_SUCC=3.695784662265109
ROUTE_PAYMENT_SUCCESS_DIRECT=0.5907
ROUTE_PAYMENT_SUCCESS=0.5907
