ROUTE_PAYMENT_MES_AV=7.774699999999999
ROUTE_PAYMENT_MES_AV_SUCC=6.694701072528408
ROUTE_PAYMENT_HOPS_AV=7.854899999999997
ROUTE_PAYMENT_HOPS_AV_SUCC=7.246787724328346
ROUTE_PAYMENT_SUCCESS_DIRECT=0.9417
ROUTE_PAYMENT_SUCCESS=0.9417
