ROUTE_PAYMENT_MES_AV=3.5203
ROUTE_PAYMENT_MES_AV_SUCC=3.767869656622285
ROUTE_PAYMENT_HOPS_AV=19.646
ROUTE_PAYMENT_HOPS_AV_SUCC=27.064996496145756
ROUTE_PAYMENT_SUCCESS_DIRECT=0.5708
ROUTE_PAYMENT_SUCCESS=0.5708
