ROUTE_PAYMENT_MES_AV=7.483154999999999	7.5309	6.763299999999999	8.0251	0.10293461947500002	0.11100174712499988	0.09486749182500012	7.342543187876131	7.6237668121238675
ROUTE_PAYMENT_MES_AV_SUCC=6.108970767023883	6.139519209166479	5.80333141872487	6.544580709313888	0.035767378024758545	0.036616538657569794	0.0350726102342766	6.026084109647707	6.191857424400059
ROUTE_PAYMENT_HOPS_AV=4.5605649999999995	4.5806000000000004	4.321000000000002	4.751500000000003	0.011157133275000088	0.015830291474999817	0.008041694475000272	4.51427178063191	4.606858219368089
ROUTE_PAYMENT_HOPS_AV_SUCC=4.258744590397348	4.253524303597608	4.144331065759635	4.39708319522705	0.004335128243541017	0.00387880507700842	0.004892856558191969	4.229888197119266	4.28760098367543
ROUTE_PAYMENT_SUCCESS_DIRECT=0.88246	0.8838	0.8606	0.9056	1.6845539999999973E-4	1.6613680000000021E-4	1.7077399999999927E-4	0.8767716862575979	0.8881483137424021
ROUTE_PAYMENT_SUCCESS=0.88246	0.8838	0.8606	0.9056	1.6845539999999973E-4	1.6613680000000021E-4	1.7077399999999927E-4	0.8767716862575979	0.8881483137424021
