ROUTE_PAYMENT_MES_AV=5.2197
ROUTE_PAYMENT_MES_AV_SUCC=4.51034864416159
ROUTE_PAYMENT_HOPS_AV=21.42159999999999
ROUTE_PAYMENT_HOPS_AV_SUCC=18.214277808522432
ROUTE_PAYMENT_SUCCESS_DIRECT=0.9035
ROUTE_PAYMENT_SUCCESS=0.9035
