ROUTE_PAYMENT_MES_AV=5.018600000000002
ROUTE_PAYMENT_MES_AV_SUCC=4.451377545464443
ROUTE_PAYMENT_HOPS_AV=23.072200000000016
ROUTE_PAYMENT_HOPS_AV_SUCC=20.3963846237613
ROUTE_PAYMENT_SUCCESS_DIRECT=0.9183
ROUTE_PAYMENT_SUCCESS=0.9183
