ROUTE_PAYMENT_MES_AV=4.316599999999999
ROUTE_PAYMENT_MES_AV_SUCC=3.9065915866180854
ROUTE_PAYMENT_HOPS_AV=3.342000000000001
ROUTE_PAYMENT_HOPS_AV_SUCC=3.7182842000662473
ROUTE_PAYMENT_SUCCESS_DIRECT=0.6038
ROUTE_PAYMENT_SUCCESS=0.6038
