ROUTE_PAYMENT_MES_AV=5.933900000000001
ROUTE_PAYMENT_MES_AV_SUCC=4.786817936250676
ROUTE_PAYMENT_HOPS_AV=5.645300000000002
ROUTE_PAYMENT_HOPS_AV_SUCC=4.682982171799028
ROUTE_PAYMENT_SUCCESS_DIRECT=0.9255
ROUTE_PAYMENT_SUCCESS=0.9255
