ROUTE_PAYMENT_MES_AV=6.211599999999999
ROUTE_PAYMENT_MES_AV_SUCC=4.942984229680548
ROUTE_PAYMENT_HOPS_AV=24.98910000000002
ROUTE_PAYMENT_HOPS_AV_SUCC=23.698476883677042
ROUTE_PAYMENT_SUCCESS_DIRECT=0.7419
ROUTE_PAYMENT_SUCCESS=0.7419
