ROUTE_PAYMENT_MES_AV=5.019900000000002
ROUTE_PAYMENT_MES_AV_SUCC=4.409855901440986
ROUTE_PAYMENT_HOPS_AV=37.631999999999984
ROUTE_PAYMENT_HOPS_AV_SUCC=32.51336486635133
ROUTE_PAYMENT_SUCCESS_DIRECT=0.9091
ROUTE_PAYMENT_SUCCESS=0.9091
