ROUTE_PAYMENT_MES_AV=4.276500000000001
ROUTE_PAYMENT_MES_AV_SUCC=3.893885198432975
ROUTE_PAYMENT_HOPS_AV=3.3288000000000006
ROUTE_PAYMENT_HOPS_AV_SUCC=3.7175949582694594
ROUTE_PAYMENT_SUCCESS_DIRECT=0.5871
ROUTE_PAYMENT_SUCCESS=0.5871
