ROUTE_PAYMENT_MES_AV=5.7128000000000005
ROUTE_PAYMENT_MES_AV_SUCC=4.762034119308919
ROUTE_PAYMENT_HOPS_AV=38.28940000000001
ROUTE_PAYMENT_HOPS_AV_SUCC=31.5299358904705
ROUTE_PAYMENT_SUCCESS_DIRECT=0.9203
ROUTE_PAYMENT_SUCCESS=0.9203
