ROUTE_PAYMENT_MES_AV=8.1066
ROUTE_PAYMENT_MES_AV_SUCC=6.651919600127617
ROUTE_PAYMENT_HOPS_AV=7.185899999999999
ROUTE_PAYMENT_HOPS_AV_SUCC=6.3160693395724765
ROUTE_PAYMENT_SUCCESS_DIRECT=0.9403
ROUTE_PAYMENT_SUCCESS=0.9403
