ROUTE_PAYMENT_MES_AV=21.795900000000014
ROUTE_PAYMENT_MES_AV_SUCC=21.774854970994205
ROUTE_PAYMENT_HOPS_AV=3.790300000000001
ROUTE_PAYMENT_HOPS_AV_SUCC=3.783056611322264
ROUTE_PAYMENT_SUCCESS_DIRECT=0.9998
ROUTE_PAYMENT_SUCCESS=0.9998
ROUTE_PAYMENT_FEE_AV=2.472349028173934E-4
ROUTE_PAYMENT_FEE_MED=3.124564478562637E-4
ROUTE_PAYMENT_FEE_Q1=5.987458280140802E-5
ROUTE_PAYMENT_FEE_Q3=3.315030988768256E-4
