ROUTE_PAYMENT_MES_AV=8.757399999999997
ROUTE_PAYMENT_MES_AV_SUCC=6.876012716644446
ROUTE_PAYMENT_HOPS_AV=4.971399999999999
ROUTE_PAYMENT_HOPS_AV_SUCC=4.38016613680648
ROUTE_PAYMENT_SUCCESS_DIRECT=0.9751
ROUTE_PAYMENT_SUCCESS=0.9751
