ROUTE_PAYMENT_MES_AV=5.9477
ROUTE_PAYMENT_MES_AV_SUCC=4.733577428386824
ROUTE_PAYMENT_HOPS_AV=16.162899999999997
ROUTE_PAYMENT_HOPS_AV_SUCC=12.729700624596159
ROUTE_PAYMENT_SUCCESS_DIRECT=0.9286
ROUTE_PAYMENT_SUCCESS=0.9286
