ROUTE_PAYMENT_MES_AV=10.194100000000002
ROUTE_PAYMENT_MES_AV_SUCC=6.993398659102627
ROUTE_PAYMENT_HOPS_AV=5.2771999999999935
ROUTE_PAYMENT_HOPS_AV_SUCC=4.4761217122227945
ROUTE_PAYMENT_SUCCESS_DIRECT=0.9695
ROUTE_PAYMENT_SUCCESS=0.9695
