ROUTE_PAYMENT_MES_AV=5.716399999999998
ROUTE_PAYMENT_MES_AV_SUCC=4.723045311993079
ROUTE_PAYMENT_HOPS_AV=5.457299999999997
ROUTE_PAYMENT_HOPS_AV_SUCC=4.639666919000758
ROUTE_PAYMENT_SUCCESS_DIRECT=0.9247
ROUTE_PAYMENT_SUCCESS=0.9247
