ROUTE_PAYMENT_MES_AV=4.0481
ROUTE_PAYMENT_MES_AV_SUCC=3.951296150824823
ROUTE_PAYMENT_HOPS_AV=15.577399999999999
ROUTE_PAYMENT_HOPS_AV_SUCC=19.86048703849175
ROUTE_PAYMENT_SUCCESS_DIRECT=0.6365
ROUTE_PAYMENT_SUCCESS=0.6365
