ROUTE_PAYMENT_MES_AV=5.815899999999998
ROUTE_PAYMENT_MES_AV_SUCC=4.706301251618472
ROUTE_PAYMENT_HOPS_AV=32.31730000000002
ROUTE_PAYMENT_HOPS_AV_SUCC=26.073478636167454
ROUTE_PAYMENT_SUCCESS_DIRECT=0.9268
ROUTE_PAYMENT_SUCCESS=0.9268
