ROUTE_PAYMENT_MES_AV=5.627400000000001
ROUTE_PAYMENT_MES_AV_SUCC=4.8297236743838665
ROUTE_PAYMENT_HOPS_AV=13.931299999999998
ROUTE_PAYMENT_HOPS_AV_SUCC=11.690067214339056
ROUTE_PAYMENT_SUCCESS_DIRECT=0.9373
ROUTE_PAYMENT_SUCCESS=0.9373
