ROUTE_PAYMENT_MES_AV=6.2428
ROUTE_PAYMENT_MES_AV_SUCC=5.00729733315643
ROUTE_PAYMENT_HOPS_AV=24.005300000000023
ROUTE_PAYMENT_HOPS_AV_SUCC=22.78413161735437
ROUTE_PAYMENT_SUCCESS_DIRECT=0.7537
ROUTE_PAYMENT_SUCCESS=0.7537
