ROUTE_PAYMENT_MES_AV=5.680599999999997
ROUTE_PAYMENT_MES_AV_SUCC=4.695462952888696
ROUTE_PAYMENT_HOPS_AV=5.465499999999999
ROUTE_PAYMENT_HOPS_AV_SUCC=4.629528886954632
ROUTE_PAYMENT_SUCCESS_DIRECT=0.9191
ROUTE_PAYMENT_SUCCESS=0.9191
