ROUTE_PAYMENT_MES_AV=6.314500000000001
ROUTE_PAYMENT_MES_AV_SUCC=4.94214332675871
ROUTE_PAYMENT_HOPS_AV=4.088399999999999
ROUTE_PAYMENT_HOPS_AV_SUCC=3.9597633136094674
ROUTE_PAYMENT_SUCCESS_DIRECT=0.7605
ROUTE_PAYMENT_SUCCESS=0.7605
