ROUTE_PAYMENT_MES_AV=6.8287
ROUTE_PAYMENT_MES_AV_SUCC=5.524016938898969
ROUTE_PAYMENT_HOPS_AV=4.3237
ROUTE_PAYMENT_HOPS_AV_SUCC=4.10647307924985
ROUTE_PAYMENT_SUCCESS_DIRECT=0.8265
ROUTE_PAYMENT_SUCCESS=0.8265
