ROUTE_PAYMENT_MES_AV=4.732499999999998
ROUTE_PAYMENT_MES_AV_SUCC=4.201950487621905
ROUTE_PAYMENT_HOPS_AV=3.5402
ROUTE_PAYMENT_HOPS_AV_SUCC=3.791747936984246
ROUTE_PAYMENT_SUCCESS_DIRECT=0.6665
ROUTE_PAYMENT_SUCCESS=0.6665
