ROUTE_PAYMENT_MES_AV=6.48019	6.526399999999998	6.152699999999998	6.7465	0.02914787689999998	0.036669204988888766	0.02299406300909098	6.405365377081124	6.555014622918876
ROUTE_PAYMENT_MES_AV_SUCC=5.174013130269107	5.1841494845360865	4.959663416588756	5.363064536419674	0.01244161799856933	0.01292102550181004	0.011962210495328623	5.1251276929164025	5.222898567621812
ROUTE_PAYMENT_HOPS_AV=20.941205000000004	21.078999999999994	18.34239999999998	22.435400000000005	0.8443980494750056	1.3184817890250193	0.5283422231083299	20.538474348890407	21.3439356511096
ROUTE_PAYMENT_HOPS_AV_SUCC=19.66129089637041	19.64928292046936	16.66524546229748	21.482572668683407	0.8876818230562309	1.0433426088109443	0.6974297515782478	19.248367265934174	20.074214526806646
ROUTE_PAYMENT_SUCCESS_DIRECT=0.778465	0.776	0.7487	0.8209	2.7368327499999976E-4	2.159604977272719E-4	3.4423333611111165E-4	0.771214545982354	0.785715454017646
ROUTE_PAYMENT_SUCCESS=0.778465	0.776	0.7487	0.8209	2.7368327499999976E-4	2.159604977272719E-4	3.4423333611111165E-4	0.771214545982354	0.785715454017646
