ROUTE_PAYMENT_MES_AV=5.165400000000001
ROUTE_PAYMENT_MES_AV_SUCC=4.458578241100145
ROUTE_PAYMENT_HOPS_AV=5.053400000000001
ROUTE_PAYMENT_HOPS_AV_SUCC=4.432738161250968
ROUTE_PAYMENT_SUCCESS_DIRECT=0.9017
ROUTE_PAYMENT_SUCCESS=0.9017
