ROUTE_PAYMENT_MES_AV=5.146800000000004
ROUTE_PAYMENT_MES_AV_SUCC=4.484249402563544
ROUTE_PAYMENT_HOPS_AV=5.023600000000002
ROUTE_PAYMENT_HOPS_AV_SUCC=4.455029328698672
ROUTE_PAYMENT_SUCCESS_DIRECT=0.9206
ROUTE_PAYMENT_SUCCESS=0.9206
