ROUTE_PAYMENT_MES_AV=5.867400000000002
ROUTE_PAYMENT_MES_AV_SUCC=4.763200344123027
ROUTE_PAYMENT_HOPS_AV=5.552600000000001
ROUTE_PAYMENT_HOPS_AV_SUCC=4.649102053984297
ROUTE_PAYMENT_SUCCESS_DIRECT=0.9299
ROUTE_PAYMENT_SUCCESS=0.9299
