ROUTE_PAYMENT_MES_AV=8.229799999999996
ROUTE_PAYMENT_MES_AV_SUCC=6.713136146150501
ROUTE_PAYMENT_HOPS_AV=4.884799999999999
ROUTE_PAYMENT_HOPS_AV_SUCC=4.461939973901697
ROUTE_PAYMENT_SUCCESS_DIRECT=0.9196
ROUTE_PAYMENT_SUCCESS=0.9196
