ROUTE_PAYMENT_MES_AV=5.2718
ROUTE_PAYMENT_MES_AV_SUCC=4.521293976690992
ROUTE_PAYMENT_HOPS_AV=36.31939999999999
ROUTE_PAYMENT_HOPS_AV_SUCC=30.48796427404422
ROUTE_PAYMENT_SUCCESS_DIRECT=0.9181
ROUTE_PAYMENT_SUCCESS=0.9181
