ROUTE_PAYMENT_MES_AV=5.157099999999999
ROUTE_PAYMENT_MES_AV_SUCC=4.503775030090821
ROUTE_PAYMENT_HOPS_AV=5.068199999999998
ROUTE_PAYMENT_HOPS_AV_SUCC=4.488237225079331
ROUTE_PAYMENT_SUCCESS_DIRECT=0.9139
ROUTE_PAYMENT_SUCCESS=0.9139
