ROUTE_PAYMENT_MES_AV=5.549200000000001
ROUTE_PAYMENT_MES_AV_SUCC=4.587936439303859
ROUTE_PAYMENT_HOPS_AV=43.30919999999997
ROUTE_PAYMENT_HOPS_AV_SUCC=35.223759593557446
ROUTE_PAYMENT_SUCCESS_DIRECT=0.9251
ROUTE_PAYMENT_SUCCESS=0.9251
