ROUTE_PAYMENT_MES_AV=5.7600999999999996
ROUTE_PAYMENT_MES_AV_SUCC=4.707947447770837
ROUTE_PAYMENT_HOPS_AV=25.1392
ROUTE_PAYMENT_HOPS_AV_SUCC=19.89468016368728
ROUTE_PAYMENT_SUCCESS_DIRECT=0.9286
ROUTE_PAYMENT_SUCCESS=0.9286
