ROUTE_PAYMENT_MES_AV=7.2373999999999965
ROUTE_PAYMENT_MES_AV_SUCC=5.976527442181566
ROUTE_PAYMENT_HOPS_AV=4.459000000000001
ROUTE_PAYMENT_HOPS_AV_SUCC=4.209181912323092
ROUTE_PAYMENT_SUCCESS_DIRECT=0.8691
ROUTE_PAYMENT_SUCCESS=0.8691
