ROUTE_PAYMENT_MES_AV=5.413499999999998
ROUTE_PAYMENT_MES_AV_SUCC=4.70703337319274
ROUTE_PAYMENT_HOPS_AV=13.6143
ROUTE_PAYMENT_HOPS_AV_SUCC=12.007174692901403
ROUTE_PAYMENT_SUCCESS_DIRECT=0.9199
ROUTE_PAYMENT_SUCCESS=0.9199
