ROUTE_PAYMENT_MES_AV=7.4979
ROUTE_PAYMENT_MES_AV_SUCC=6.307870370370367
ROUTE_PAYMENT_HOPS_AV=9.7542
ROUTE_PAYMENT_HOPS_AV_SUCC=8.94863315696649
ROUTE_PAYMENT_SUCCESS_DIRECT=0.9072
ROUTE_PAYMENT_SUCCESS=0.9072
