ROUTE_PAYMENT_MES_AV=7.071019999999999	7.0378	6.722999999999999	7.754099999999997	0.06080751859999968	0.03823848256666648	0.09466107264999948	6.962946376147146	7.179093623852852
ROUTE_PAYMENT_MES_AV_SUCC=5.688054482470368	5.657654366094263	5.3896103896103895	5.976527442181566	0.024363151693310305	0.018884487017983797	0.03105929740759826	5.619646338384659	5.756462626556076
ROUTE_PAYMENT_HOPS_AV=4.419185000000001	4.421600000000001	4.260700000000002	4.666600000000002	0.009213474274999972	0.007812098724999964	0.010614849824999979	4.377116910683489	4.4612530893165125
ROUTE_PAYMENT_HOPS_AV_SUCC=4.172827461266319	4.180663373323925	4.078137988362428	4.268587138417401	0.0031870694699123966	0.0036207258620460834	0.002832259694530288	4.148085345273931	4.197569577258707
ROUTE_PAYMENT_SUCCESS_DIRECT=0.8362149999999999	0.837	0.8076	0.8691	2.269522749999997E-4	2.483884472222204E-4	2.0941358863636454E-4	0.8296125010047709	0.842817498995229
ROUTE_PAYMENT_SUCCESS=0.8362149999999999	0.837	0.8076	0.8691	2.269522749999997E-4	2.483884472222204E-4	2.0941358863636454E-4	0.8296125010047709	0.842817498995229
