ROUTE_PAYMENT_MES_AV=7.1728
ROUTE_PAYMENT_MES_AV_SUCC=6.396990609797487
ROUTE_PAYMENT_HOPS_AV=7.5527
ROUTE_PAYMENT_HOPS_AV_SUCC=7.655617151261455
ROUTE_PAYMENT_SUCCESS_DIRECT=0.8839
ROUTE_PAYMENT_SUCCESS=0.8839
