ROUTE_PAYMENT_MES_AV=5.1997
ROUTE_PAYMENT_MES_AV_SUCC=4.504830649639088
ROUTE_PAYMENT_HOPS_AV=5.130500000000001
ROUTE_PAYMENT_HOPS_AV_SUCC=4.496835091615768
ROUTE_PAYMENT_SUCCESS_DIRECT=0.9005
ROUTE_PAYMENT_SUCCESS=0.9005
