ROUTE_PAYMENT_MES_AV=4.626700000000001
ROUTE_PAYMENT_MES_AV_SUCC=4.3337324154444765
ROUTE_PAYMENT_HOPS_AV=12.972000000000003
ROUTE_PAYMENT_HOPS_AV_SUCC=15.808590242442376
ROUTE_PAYMENT_SUCCESS_DIRECT=0.6682
ROUTE_PAYMENT_SUCCESS=0.6682
