ROUTE_PAYMENT_MES_AV=3.7748999999999997
ROUTE_PAYMENT_MES_AV_SUCC=3.793914943688015
ROUTE_PAYMENT_HOPS_AV=16.855400000000003
ROUTE_PAYMENT_HOPS_AV_SUCC=22.254664649520933
ROUTE_PAYMENT_SUCCESS_DIRECT=0.5949
ROUTE_PAYMENT_SUCCESS=0.5949
