ROUTE_PAYMENT_MES_AV=6.994500000000001
ROUTE_PAYMENT_MES_AV_SUCC=5.9059907834101395
ROUTE_PAYMENT_HOPS_AV=11.443299999999999
ROUTE_PAYMENT_HOPS_AV_SUCC=10.836405529953916
ROUTE_PAYMENT_SUCCESS_DIRECT=0.868
ROUTE_PAYMENT_SUCCESS=0.868
