ROUTE_PAYMENT_MES_AV=7.679599999999998
ROUTE_PAYMENT_MES_AV_SUCC=6.103471904979442
ROUTE_PAYMENT_HOPS_AV=4.592900000000002
ROUTE_PAYMENT_HOPS_AV_SUCC=4.235952489721334
ROUTE_PAYMENT_SUCCESS_DIRECT=0.8756
ROUTE_PAYMENT_SUCCESS=0.8756
