ROUTE_PAYMENT_MES_AV=10.58
ROUTE_PAYMENT_MES_AV_SUCC=10.041666666666666
ROUTE_PAYMENT_HOPS_AV=2.6100000000000003
ROUTE_PAYMENT_HOPS_AV_SUCC=3.3333333333333335
ROUTE_PAYMENT_SUCCESS_DIRECT=0.48
ROUTE_PAYMENT_SUCCESS=0.48
ROUTE_PAYMENT_FEE_AV=1.0002824153197307
ROUTE_PAYMENT_FEE_MED=2.0005648306394614
ROUTE_PAYMENT_FEE_Q1=1.0002824153197307
ROUTE_PAYMENT_FEE_Q3=1.0002824153197307
