ROUTE_PAYMENT_MES_AV=10.89
ROUTE_PAYMENT_MES_AV_SUCC=10.945454545454545
ROUTE_PAYMENT_HOPS_AV=2.8600000000000003
ROUTE_PAYMENT_HOPS_AV_SUCC=3.618181818181818
ROUTE_PAYMENT_SUCCESS_DIRECT=0.55
ROUTE_PAYMENT_SUCCESS=0.55
ROUTE_PAYMENT_FEE_AV=1.0000161705615378
ROUTE_PAYMENT_FEE_MED=1.0000265521678497
ROUTE_PAYMENT_FEE_Q1=1.0000003987680466
ROUTE_PAYMENT_FEE_Q3=1.0000265521678497
