ROUTE_PAYMENT_MES_AV=5.164000000000002
ROUTE_PAYMENT_MES_AV_SUCC=4.574562375360069
ROUTE_PAYMENT_HOPS_AV=29.028300000000023
ROUTE_PAYMENT_HOPS_AV_SUCC=25.590516286284032
ROUTE_PAYMENT_SUCCESS_DIRECT=0.9026
ROUTE_PAYMENT_SUCCESS=0.9026
