ROUTE_PAYMENT_MES_AV=5.724385000000001	5.730999999999998	5.514700000000001	5.988000000000002	0.019455858275000015	0.016941500824999976	0.021970215725000054	5.663253328523899	5.785516671476103
ROUTE_PAYMENT_MES_AV_SUCC=4.712795718153245	4.71233913701741	4.62025452976704	4.893533638145	0.003685672873531924	0.0027067376851531502	0.0048821492148837615	4.6861885002312595	4.739402936075231
ROUTE_PAYMENT_HOPS_AV=32.89823	32.911099999999976	31.074700000000004	36.03159999999998	1.8023841240999883	1.4255128164999862	2.1792554316999913	32.30984072192202	33.486619278077974
ROUTE_PAYMENT_HOPS_AV_SUCC=26.898241235977686	26.752500806711836	25.418081539958905	28.768125408229928	1.0403091557205602	0.7532256903538231	1.4709343537706658	26.451226043136543	27.34525642881883
ROUTE_PAYMENT_SUCCESS_DIRECT=0.9245800000000001	0.9247	0.9168	0.9298	1.2737600000000044E-5	1.6422622222222764E-5	9.722581818181457E-6	0.9230158266694513	0.9261441733305489
ROUTE_PAYMENT_SUCCESS=0.9245800000000001	0.9247	0.9168	0.9298	1.2737600000000044E-5	1.6422622222222764E-5	9.722581818181457E-6	0.9230158266694513	0.9261441733305489
