ROUTE_PAYMENT_MES_AV=5.051300000000001
ROUTE_PAYMENT_MES_AV_SUCC=4.524889867841408
ROUTE_PAYMENT_HOPS_AV=34.74979999999997
ROUTE_PAYMENT_HOPS_AV_SUCC=30.606718061674016
ROUTE_PAYMENT_SUCCESS_DIRECT=0.908
ROUTE_PAYMENT_SUCCESS=0.908
