ROUTE_PAYMENT_MES_AV=3.5330999999999997
ROUTE_PAYMENT_MES_AV_SUCC=3.7741652021089633
ROUTE_PAYMENT_HOPS_AV=19.835800000000006
ROUTE_PAYMENT_HOPS_AV_SUCC=27.21177504393673
ROUTE_PAYMENT_SUCCESS_DIRECT=0.569
ROUTE_PAYMENT_SUCCESS=0.569
