ROUTE_PAYMENT_MES_AV=7.3236099999999995	7.266699999999999	6.977900000000002	7.7392999999999965	0.0643660848999994	0.05375336482727233	0.07733718721111028	7.212419004017447	7.434800995982552
ROUTE_PAYMENT_MES_AV_SUCC=5.9618301314281785	5.9527567933250625	5.7858055523289575	6.190513305867946	0.017984137784964504	0.01474156858588579	0.02194727791717182	5.903056045423069	6.020604217433288
ROUTE_PAYMENT_HOPS_AV=4.516010000000001	4.5203000000000015	4.368999999999999	4.716100000000002	0.008137996900000017	0.00790224890000017	0.008373744899999858	4.4764733531448115	4.555546646855191
ROUTE_PAYMENT_HOPS_AV_SUCC=4.222891034959411	4.2234187259124925	4.163086163086163	4.302871467639014	0.0017673706355855559	0.0015941693854622959	0.0019405718857088152	4.20446614549751	4.241315924421312
ROUTE_PAYMENT_SUCCESS_DIRECT=0.8695	0.8716	0.8364	0.8981	2.5400400000000006E-4	2.7076200000000116E-4	2.3724599999999876E-4	0.8625150813662578	0.8764849186337423
ROUTE_PAYMENT_SUCCESS=0.8695	0.8716	0.8364	0.8981	2.5400400000000006E-4	2.7076200000000116E-4	2.3724599999999876E-4	0.8625150813662578	0.8764849186337423
