ROUTE_PAYMENT_MES_AV=5.0295000000000005
ROUTE_PAYMENT_MES_AV_SUCC=4.4269121192198115
ROUTE_PAYMENT_HOPS_AV=20.928999999999995
ROUTE_PAYMENT_HOPS_AV_SUCC=18.56070567609028
ROUTE_PAYMENT_SUCCESS_DIRECT=0.9126
ROUTE_PAYMENT_SUCCESS=0.9126
