ROUTE_PAYMENT_MES_AV=5.8799
ROUTE_PAYMENT_MES_AV_SUCC=4.64507743961876
ROUTE_PAYMENT_HOPS_AV=45.848299999999995
ROUTE_PAYMENT_HOPS_AV_SUCC=35.72067583667283
ROUTE_PAYMENT_SUCCESS_DIRECT=0.9233
ROUTE_PAYMENT_SUCCESS=0.9233
