ROUTE_PAYMENT_MES_AV=18.613300000000002
ROUTE_PAYMENT_MES_AV_SUCC=18.28167672276913
ROUTE_PAYMENT_HOPS_AV=7.468999999999997
ROUTE_PAYMENT_HOPS_AV_SUCC=7.24367524081719
ROUTE_PAYMENT_SUCCESS_DIRECT=0.9447
ROUTE_PAYMENT_SUCCESS=0.9447
ROUTE_PAYMENT_FEE_AV=3.3607106751955027
ROUTE_PAYMENT_FEE_MED=2.4729183373085863
ROUTE_PAYMENT_FEE_Q1=1.6311332991267664
ROUTE_PAYMENT_FEE_Q3=3.879892910120791
