ROUTE_PAYMENT_MES_AV=10.96
ROUTE_PAYMENT_MES_AV_SUCC=13.89795918367347
ROUTE_PAYMENT_HOPS_AV=2.4499999999999997
ROUTE_PAYMENT_HOPS_AV_SUCC=3.204081632653061
ROUTE_PAYMENT_SUCCESS_DIRECT=0.49
ROUTE_PAYMENT_SUCCESS=0.49
ROUTE_PAYMENT_FEE_AV=1.0004609226534813
ROUTE_PAYMENT_FEE_MED=1.0004609226534813
ROUTE_PAYMENT_FEE_Q1=1.0004609226534813
ROUTE_PAYMENT_FEE_Q3=1.0004609226534813
