ROUTE_PAYMENT_MES_AV=11.589999999999996
ROUTE_PAYMENT_MES_AV_SUCC=9.705882352941176
ROUTE_PAYMENT_HOPS_AV=2.62
ROUTE_PAYMENT_HOPS_AV_SUCC=3.3725490196078436
ROUTE_PAYMENT_SUCCESS_DIRECT=0.51
ROUTE_PAYMENT_SUCCESS=0.51
ROUTE_PAYMENT_FEE_AV=1.0004177727015346
ROUTE_PAYMENT_FEE_MED=1.0002209498909413
ROUTE_PAYMENT_FEE_Q1=1.0001996381053149
ROUTE_PAYMENT_FEE_Q3=1.0005571759416292
