ROUTE_PAYMENT_MES_AV=5.611299999999996
ROUTE_PAYMENT_MES_AV_SUCC=4.641460516365993
ROUTE_PAYMENT_HOPS_AV=15.586599999999999
ROUTE_PAYMENT_HOPS_AV_SUCC=12.832559144431244
ROUTE_PAYMENT_SUCCESS_DIRECT=0.9257
ROUTE_PAYMENT_SUCCESS=0.9257
