ROUTE_PAYMENT_MES_AV=6.0158000000000005
ROUTE_PAYMENT_MES_AV_SUCC=4.785775955104684
ROUTE_PAYMENT_HOPS_AV=5.713500000000003
ROUTE_PAYMENT_HOPS_AV_SUCC=4.700841787178936
ROUTE_PAYMENT_SUCCESS_DIRECT=0.9266
ROUTE_PAYMENT_SUCCESS=0.9266
