ROUTE_PAYMENT_MES_AV=6.795900000000002
ROUTE_PAYMENT_MES_AV_SUCC=5.302645364064957
ROUTE_PAYMENT_HOPS_AV=4.3421
ROUTE_PAYMENT_HOPS_AV_SUCC=4.147459402828708
ROUTE_PAYMENT_SUCCESS_DIRECT=0.7636
ROUTE_PAYMENT_SUCCESS=0.7636
