ROUTE_PAYMENT_MES_AV=5.479499999999998
ROUTE_PAYMENT_MES_AV_SUCC=4.689411007402639
ROUTE_PAYMENT_HOPS_AV=5.227799999999999
ROUTE_PAYMENT_HOPS_AV_SUCC=4.597575367449846
ROUTE_PAYMENT_SUCCESS_DIRECT=0.9321
ROUTE_PAYMENT_SUCCESS=0.9321
