ROUTE_PAYMENT_MES_AV=6.9811000000000005
ROUTE_PAYMENT_MES_AV_SUCC=5.794756294756296
ROUTE_PAYMENT_HOPS_AV=4.3906
ROUTE_PAYMENT_HOPS_AV_SUCC=4.163086163086163
ROUTE_PAYMENT_SUCCESS_DIRECT=0.8658
ROUTE_PAYMENT_SUCCESS=0.8658
