ROUTE_PAYMENT_MES_AV=6.593399999999999
ROUTE_PAYMENT_MES_AV_SUCC=5.846384846384846
ROUTE_PAYMENT_HOPS_AV=8.653100000000004
ROUTE_PAYMENT_HOPS_AV_SUCC=8.875375375375377
ROUTE_PAYMENT_SUCCESS_DIRECT=0.8658
ROUTE_PAYMENT_SUCCESS=0.8658
