ROUTE_PAYMENT_MES_AV=5.325500000000001
ROUTE_PAYMENT_MES_AV_SUCC=4.641960614585588
ROUTE_PAYMENT_HOPS_AV=13.612999999999992
ROUTE_PAYMENT_HOPS_AV_SUCC=12.062324172257089
ROUTE_PAYMENT_SUCCESS_DIRECT=0.9242
ROUTE_PAYMENT_SUCCESS=0.9242
