ROUTE_PAYMENT_MES_AV=5.187699999999999
ROUTE_PAYMENT_MES_AV_SUCC=4.554422522722233
ROUTE_PAYMENT_HOPS_AV=29.21099999999998
ROUTE_PAYMENT_HOPS_AV_SUCC=25.163489248503677
ROUTE_PAYMENT_SUCCESS_DIRECT=0.9022
ROUTE_PAYMENT_SUCCESS=0.9022
