ROUTE_PAYMENT_MES_AV=5.0718000000000005
ROUTE_PAYMENT_MES_AV_SUCC=4.400065926821225
ROUTE_PAYMENT_HOPS_AV=21.2031
ROUTE_PAYMENT_HOPS_AV_SUCC=18.214481925063165
ROUTE_PAYMENT_SUCCESS_DIRECT=0.9101
ROUTE_PAYMENT_SUCCESS=0.9101
