ROUTE_PAYMENT_MES_AV=5.971100000000001
ROUTE_PAYMENT_MES_AV_SUCC=4.773411280718847
ROUTE_PAYMENT_HOPS_AV=36.75890000000004
ROUTE_PAYMENT_HOPS_AV_SUCC=29.079787809894984
ROUTE_PAYMENT_SUCCESS_DIRECT=0.9237
ROUTE_PAYMENT_SUCCESS=0.9237
