ROUTE_PAYMENT_MES_AV=8.797700000000003
ROUTE_PAYMENT_MES_AV_SUCC=7.288558234992303
ROUTE_PAYMENT_HOPS_AV=4.912799999999995
ROUTE_PAYMENT_HOPS_AV_SUCC=4.505797845048742
ROUTE_PAYMENT_SUCCESS_DIRECT=0.9745
ROUTE_PAYMENT_SUCCESS=0.9745
