ROUTE_PAYMENT_MES_AV=6.317315000000001	6.367899999999998	5.965800000000002	6.725399999999999	0.04980730027499997	0.046034897825000365	0.05357970272499958	6.219504028034572	6.41512597196543
ROUTE_PAYMENT_MES_AV_SUCC=5.056579935941217	5.043641734926817	4.769167579408541	5.295183842568617	0.02872036756607525	0.025438935988950563	0.032731006160338756	4.982306062997282	5.130853808885152
ROUTE_PAYMENT_HOPS_AV=23.085919999999998	23.160400000000017	21.448300000000003	24.48780000000001	0.5541477606000078	0.5593239684000022	0.5489715528000135	22.759667487586608	23.412172512413388
ROUTE_PAYMENT_HOPS_AV_SUCC=21.929073864929997	21.854569362261664	19.799215587044543	23.68113362541074	1.0046090053393806	0.9294058353218425	1.0965239909163715	21.489795709605165	22.36835202025483
ROUTE_PAYMENT_SUCCESS_DIRECT=0.7624050000000001	0.7613	0.7304	0.7916	2.1511647499999963E-4	1.8422793409091098E-4	2.528691361111079E-4	0.7559769697793182	0.7688330302206821
ROUTE_PAYMENT_SUCCESS=0.7624050000000001	0.7613	0.7304	0.7916	2.1511647499999963E-4	1.8422793409091098E-4	2.528691361111079E-4	0.7559769697793182	0.7688330302206821
