ROUTE_PAYMENT_MES_AV=5.354400000000001
ROUTE_PAYMENT_MES_AV_SUCC=4.521969124473713
ROUTE_PAYMENT_HOPS_AV=14.990699999999993
ROUTE_PAYMENT_HOPS_AV_SUCC=12.878872935334126
ROUTE_PAYMENT_SUCCESS_DIRECT=0.9263
ROUTE_PAYMENT_SUCCESS=0.9263
