ROUTE_PAYMENT_MES_AV=5.8487
ROUTE_PAYMENT_MES_AV_SUCC=4.859507685692788
ROUTE_PAYMENT_HOPS_AV=11.605799999999995
ROUTE_PAYMENT_HOPS_AV_SUCC=9.48543480597657
ROUTE_PAYMENT_SUCCESS_DIRECT=0.9303
ROUTE_PAYMENT_SUCCESS=0.9303
