ROUTE_PAYMENT_MES_AV=5.581700000000002
ROUTE_PAYMENT_MES_AV_SUCC=4.659702132219006
ROUTE_PAYMENT_HOPS_AV=8.549199999999997
ROUTE_PAYMENT_HOPS_AV_SUCC=7.251901853637628
ROUTE_PAYMENT_SUCCESS_DIRECT=0.9333
ROUTE_PAYMENT_SUCCESS=0.9333
