ROUTE_PAYMENT_MES_AV=6.991800000000001
ROUTE_PAYMENT_MES_AV_SUCC=6.25187255449972
ROUTE_PAYMENT_HOPS_AV=7.6213
ROUTE_PAYMENT_HOPS_AV_SUCC=7.722191168250415
ROUTE_PAYMENT_SUCCESS_DIRECT=0.8945
ROUTE_PAYMENT_SUCCESS=0.8945
