ROUTE_PAYMENT_MES_AV=3.9279999999999995
ROUTE_PAYMENT_MES_AV_SUCC=3.902130492676431
ROUTE_PAYMENT_HOPS_AV=16.07559999999999
ROUTE_PAYMENT_HOPS_AV_SUCC=21.138648468708396
ROUTE_PAYMENT_SUCCESS_DIRECT=0.6008
ROUTE_PAYMENT_SUCCESS=0.6008
