ROUTE_PAYMENT_MES_AV=4.3225999999999996
ROUTE_PAYMENT_MES_AV_SUCC=4.139849624060149
ROUTE_PAYMENT_HOPS_AV=13.498399999999993
ROUTE_PAYMENT_HOPS_AV_SUCC=16.616090225563912
ROUTE_PAYMENT_SUCCESS_DIRECT=0.665
ROUTE_PAYMENT_SUCCESS=0.665
