ROUTE_PAYMENT_MES_AV=5.822800000000001
ROUTE_PAYMENT_MES_AV_SUCC=4.713837158943264
ROUTE_PAYMENT_HOPS_AV=5.515999999999999
ROUTE_PAYMENT_HOPS_AV_SUCC=4.604807275877003
ROUTE_PAYMENT_SUCCESS_DIRECT=0.9236
ROUTE_PAYMENT_SUCCESS=0.9236
