ROUTE_PAYMENT_MES_AV=5.264300000000001
ROUTE_PAYMENT_MES_AV_SUCC=4.491812287064512
ROUTE_PAYMENT_HOPS_AV=5.151500000000002
ROUTE_PAYMENT_HOPS_AV_SUCC=4.473678426200682
ROUTE_PAYMENT_SUCCESS_DIRECT=0.9099
ROUTE_PAYMENT_SUCCESS=0.9099
