ROUTE_PAYMENT_MES_AV=6.416199999999998
ROUTE_PAYMENT_MES_AV_SUCC=4.929321486268172
ROUTE_PAYMENT_HOPS_AV=4.130899999999999
ROUTE_PAYMENT_HOPS_AV_SUCC=3.985056542810986
ROUTE_PAYMENT_SUCCESS_DIRECT=0.7428
ROUTE_PAYMENT_SUCCESS=0.7428
