ROUTE_PAYMENT_MES_AV=8.238199999999999
ROUTE_PAYMENT_MES_AV_SUCC=6.520490026019079
ROUTE_PAYMENT_HOPS_AV=4.775400000000002
ROUTE_PAYMENT_HOPS_AV_SUCC=4.341608846487421
ROUTE_PAYMENT_SUCCESS_DIRECT=0.9224
ROUTE_PAYMENT_SUCCESS=0.9224
