ROUTE_PAYMENT_MES_AV=6.2719000000000005
ROUTE_PAYMENT_MES_AV_SUCC=5.524818473991192
ROUTE_PAYMENT_HOPS_AV=4.149900000000001
ROUTE_PAYMENT_HOPS_AV_SUCC=4.099392929413164
ROUTE_PAYMENT_SUCCESS_DIRECT=0.8401
ROUTE_PAYMENT_SUCCESS=0.8401
