ROUTE_PAYMENT_MES_AV=5.554199999999996
ROUTE_PAYMENT_MES_AV_SUCC=4.67347377472055
ROUTE_PAYMENT_HOPS_AV=5.288699999999998
ROUTE_PAYMENT_HOPS_AV_SUCC=4.5806104901117815
ROUTE_PAYMENT_SUCCESS_DIRECT=0.9304
ROUTE_PAYMENT_SUCCESS=0.9304
