ROUTE_PAYMENT_MES_AV=12.200000000000003
ROUTE_PAYMENT_MES_AV_SUCC=11.066666666666665
ROUTE_PAYMENT_HOPS_AV=2.57
ROUTE_PAYMENT_HOPS_AV_SUCC=3.2222222222222223
ROUTE_PAYMENT_SUCCESS_DIRECT=0.45
ROUTE_PAYMENT_SUCCESS=0.45
ROUTE_PAYMENT_FEE_AV=1.1450699373693276
ROUTE_PAYMENT_FEE_MED=1.1626718821609678
ROUTE_PAYMENT_FEE_Q1=1.0772722686698462
ROUTE_PAYMENT_FEE_Q3=1.1626718821609678
