ROUTE_PAYMENT_MES_AV=11.75
ROUTE_PAYMENT_MES_AV_SUCC=13.365384615384617
ROUTE_PAYMENT_HOPS_AV=2.54
ROUTE_PAYMENT_HOPS_AV_SUCC=3.2115384615384612
ROUTE_PAYMENT_SUCCESS_DIRECT=0.52
ROUTE_PAYMENT_SUCCESS=0.52
ROUTE_PAYMENT_FEE_AV=0.4581836717494946
ROUTE_PAYMENT_FEE_MED=0.4581836717494946
ROUTE_PAYMENT_FEE_Q1=0.4581836717494946
ROUTE_PAYMENT_FEE_Q3=0.4581836717494946
