ROUTE_PAYMENT_MES_AV=10.0033
ROUTE_PAYMENT_MES_AV_SUCC=7.3723736218015405
ROUTE_PAYMENT_HOPS_AV=5.285199999999999
ROUTE_PAYMENT_HOPS_AV_SUCC=4.57509881422925
ROUTE_PAYMENT_SUCCESS_DIRECT=0.9614
ROUTE_PAYMENT_SUCCESS=0.9614
