ROUTE_PAYMENT_MES_AV=11.2317
ROUTE_PAYMENT_MES_AV_SUCC=11.228407489430241
ROUTE_PAYMENT_HOPS_AV=3.902699999999999
ROUTE_PAYMENT_HOPS_AV_SUCC=3.8998389369840947
ROUTE_PAYMENT_SUCCESS_DIRECT=0.9934
ROUTE_PAYMENT_SUCCESS=0.9934
ROUTE_PAYMENT_FEE_AV=2.4316733463472837
ROUTE_PAYMENT_FEE_MED=4.166722536518872
ROUTE_PAYMENT_FEE_Q1=1.8625975022100867
ROUTE_PAYMENT_FEE_Q3=3.0294867248368744
