ROUTE_PAYMENT_MES_AV=6.644999999999999
ROUTE_PAYMENT_MES_AV_SUCC=5.466375000000001
ROUTE_PAYMENT_HOPS_AV=4.299900000000002
ROUTE_PAYMENT_HOPS_AV_SUCC=4.1587499999999995
ROUTE_PAYMENT_SUCCESS_DIRECT=0.8
ROUTE_PAYMENT_SUCCESS=0.8
