ROUTE_PAYMENT_MES_AV=6.015900000000003
ROUTE_PAYMENT_MES_AV_SUCC=4.805902137354888
ROUTE_PAYMENT_HOPS_AV=5.677299999999996
ROUTE_PAYMENT_HOPS_AV_SUCC=4.715851144624065
ROUTE_PAYMENT_SUCCESS_DIRECT=0.9217
ROUTE_PAYMENT_SUCCESS=0.9217
