ROUTE_PAYMENT_MES_AV=5.7828999999999935
ROUTE_PAYMENT_MES_AV_SUCC=4.763744427934618
ROUTE_PAYMENT_HOPS_AV=5.476600000000001
ROUTE_PAYMENT_HOPS_AV_SUCC=4.638611759711312
ROUTE_PAYMENT_SUCCESS_DIRECT=0.9422
ROUTE_PAYMENT_SUCCESS=0.9422
