ROUTE_PAYMENT_MES_AV=4.188899999999999
ROUTE_PAYMENT_MES_AV_SUCC=4.068462037637898
ROUTE_PAYMENT_HOPS_AV=15.1714
ROUTE_PAYMENT_HOPS_AV_SUCC=19.691596365996112
ROUTE_PAYMENT_SUCCESS_DIRECT=0.6164
ROUTE_PAYMENT_SUCCESS=0.6164
