ROUTE_PAYMENT_MES_AV=9.063399999999996
ROUTE_PAYMENT_MES_AV_SUCC=7.05646648903464
ROUTE_PAYMENT_HOPS_AV=4.982600000000002
ROUTE_PAYMENT_HOPS_AV_SUCC=4.457675753228121
ROUTE_PAYMENT_SUCCESS_DIRECT=0.9758
ROUTE_PAYMENT_SUCCESS=0.9758
