ROUTE_PAYMENT_MES_AV=5.992900000000001
ROUTE_PAYMENT_MES_AV_SUCC=4.782660461088866
ROUTE_PAYMENT_HOPS_AV=5.689100000000001
ROUTE_PAYMENT_HOPS_AV_SUCC=4.679943716852474
ROUTE_PAYMENT_SUCCESS_DIRECT=0.9239
ROUTE_PAYMENT_SUCCESS=0.9239
