ROUTE_PAYMENT_MES_AV=4.943299999999999
ROUTE_PAYMENT_MES_AV_SUCC=4.474705169183292
ROUTE_PAYMENT_HOPS_AV=38.68659999999999
ROUTE_PAYMENT_HOPS_AV_SUCC=34.36503912708034
ROUTE_PAYMENT_SUCCESS_DIRECT=0.9073
ROUTE_PAYMENT_SUCCESS=0.9073
