ROUTE_PAYMENT_MES_AV=6.024399999999997
ROUTE_PAYMENT_MES_AV_SUCC=4.914162545961708
ROUTE_PAYMENT_HOPS_AV=4.015999999999999
ROUTE_PAYMENT_HOPS_AV_SUCC=3.925066565233929
ROUTE_PAYMENT_SUCCESS_DIRECT=0.7887
ROUTE_PAYMENT_SUCCESS=0.7887
