ROUTE_PAYMENT_MES_AV=5.905799999999998
ROUTE_PAYMENT_MES_AV_SUCC=4.832143629677698
ROUTE_PAYMENT_HOPS_AV=19.15610000000002
ROUTE_PAYMENT_HOPS_AV_SUCC=15.929915639195322
ROUTE_PAYMENT_SUCCESS_DIRECT=0.9246
ROUTE_PAYMENT_SUCCESS=0.9246
