ROUTE_PAYMENT_MES_AV=5.953500000000001
ROUTE_PAYMENT_MES_AV_SUCC=4.771739130434784
ROUTE_PAYMENT_HOPS_AV=32.30589999999999
ROUTE_PAYMENT_HOPS_AV_SUCC=25.734287559190715
ROUTE_PAYMENT_SUCCESS_DIRECT=0.9292
ROUTE_PAYMENT_SUCCESS=0.9292
