ROUTE_PAYMENT_MES_AV=6.243399999999999
ROUTE_PAYMENT_MES_AV_SUCC=4.873427331887201
ROUTE_PAYMENT_HOPS_AV=5.872300000000001
ROUTE_PAYMENT_HOPS_AV_SUCC=4.739913232104122
ROUTE_PAYMENT_SUCCESS_DIRECT=0.922
ROUTE_PAYMENT_SUCCESS=0.922
