ROUTE_PAYMENT_MES_AV=6.123599999999997
ROUTE_PAYMENT_MES_AV_SUCC=4.876865170049737
ROUTE_PAYMENT_HOPS_AV=25.517300000000013
ROUTE_PAYMENT_HOPS_AV_SUCC=24.35690280951742
ROUTE_PAYMENT_SUCCESS_DIRECT=0.7439
ROUTE_PAYMENT_SUCCESS=0.7439
