ROUTE_PAYMENT_MES_AV=5.521400000000002
ROUTE_PAYMENT_MES_AV_SUCC=4.651130096247432
ROUTE_PAYMENT_HOPS_AV=10.207600000000006
ROUTE_PAYMENT_HOPS_AV_SUCC=8.61198226451822
ROUTE_PAYMENT_SUCCESS_DIRECT=0.9247
ROUTE_PAYMENT_SUCCESS=0.9247
