ROUTE_PAYMENT_MES_AV=6.054400000000005
ROUTE_PAYMENT_MES_AV_SUCC=4.815548780487804
ROUTE_PAYMENT_HOPS_AV=5.709700000000001
ROUTE_PAYMENT_HOPS_AV_SUCC=4.700021777003485
ROUTE_PAYMENT_SUCCESS_DIRECT=0.9184
ROUTE_PAYMENT_SUCCESS=0.9184
