ROUTE_PAYMENT_MES_AV=5.895000000000001
ROUTE_PAYMENT_MES_AV_SUCC=4.838189774789197
ROUTE_PAYMENT_HOPS_AV=5.595900000000001
ROUTE_PAYMENT_HOPS_AV_SUCC=4.726438253815776
ROUTE_PAYMENT_SUCCESS_DIRECT=0.9369
ROUTE_PAYMENT_SUCCESS=0.9369
