ROUTE_PAYMENT_MES_AV=5.642699999999998
ROUTE_PAYMENT_MES_AV_SUCC=4.662557616036018
ROUTE_PAYMENT_HOPS_AV=5.373700000000001
ROUTE_PAYMENT_HOPS_AV_SUCC=4.578947368421053
ROUTE_PAYMENT_SUCCESS_DIRECT=0.9329
ROUTE_PAYMENT_SUCCESS=0.9329
