ROUTE_PAYMENT_MES_AV=7.238199999999997
ROUTE_PAYMENT_MES_AV_SUCC=6.1403855085926615
ROUTE_PAYMENT_HOPS_AV=12.13560000000001
ROUTE_PAYMENT_HOPS_AV_SUCC=11.578727357176037
ROUTE_PAYMENT_SUCCESS_DIRECT=0.8612
ROUTE_PAYMENT_SUCCESS=0.8612
