ROUTE_PAYMENT_MES_AV=5.950699999999998
ROUTE_PAYMENT_MES_AV_SUCC=4.694755531275608
ROUTE_PAYMENT_HOPS_AV=25.827400000000004
ROUTE_PAYMENT_HOPS_AV_SUCC=24.81617044523354
ROUTE_PAYMENT_SUCCESS_DIRECT=0.7322
ROUTE_PAYMENT_SUCCESS=0.7322
