ROUTE_PAYMENT_MES_AV=5.405099999999998
ROUTE_PAYMENT_MES_AV_SUCC=4.578221691455869
ROUTE_PAYMENT_HOPS_AV=5.286999999999998
ROUTE_PAYMENT_HOPS_AV_SUCC=4.551514493540332
ROUTE_PAYMENT_SUCCESS_DIRECT=0.9211
ROUTE_PAYMENT_SUCCESS=0.9211
