ROUTE_PAYMENT_MES_AV=6.3036
ROUTE_PAYMENT_MES_AV_SUCC=4.919610570236438
ROUTE_PAYMENT_HOPS_AV=25.881999999999987
ROUTE_PAYMENT_HOPS_AV_SUCC=24.821279554937423
ROUTE_PAYMENT_SUCCESS_DIRECT=0.719
ROUTE_PAYMENT_SUCCESS=0.719
