ROUTE_PAYMENT_MES_AV=5.1947
ROUTE_PAYMENT_MES_AV_SUCC=4.526442045578455
ROUTE_PAYMENT_HOPS_AV=23.372799999999987
ROUTE_PAYMENT_HOPS_AV_SUCC=20.13957038490895
ROUTE_PAYMENT_SUCCESS_DIRECT=0.9171
ROUTE_PAYMENT_SUCCESS=0.9171
