ROUTE_PAYMENT_MES_AV=9.859199999999998
ROUTE_PAYMENT_MES_AV_SUCC=7.254912099276113
ROUTE_PAYMENT_HOPS_AV=5.182400000000001
ROUTE_PAYMENT_HOPS_AV_SUCC=4.561737331954496
ROUTE_PAYMENT_SUCCESS_DIRECT=0.967
ROUTE_PAYMENT_SUCCESS=0.967
