ROUTE_PAYMENT_MES_AV=5.7938
ROUTE_PAYMENT_MES_AV_SUCC=4.752666382252559
ROUTE_PAYMENT_HOPS_AV=5.483000000000001
ROUTE_PAYMENT_HOPS_AV_SUCC=4.641104948805461
ROUTE_PAYMENT_SUCCESS_DIRECT=0.9376
ROUTE_PAYMENT_SUCCESS=0.9376
