ROUTE_PAYMENT_MES_AV=5.694600000000002
ROUTE_PAYMENT_MES_AV_SUCC=4.635332252836304
ROUTE_PAYMENT_HOPS_AV=19.878700000000006
ROUTE_PAYMENT_HOPS_AV_SUCC=16.533765532144784
ROUTE_PAYMENT_SUCCESS_DIRECT=0.9255
ROUTE_PAYMENT_SUCCESS=0.9255
