ROUTE_PAYMENT_MES_AV=5.946800000000001
ROUTE_PAYMENT_MES_AV_SUCC=4.746764452113892
ROUTE_PAYMENT_HOPS_AV=5.592499999999999
ROUTE_PAYMENT_HOPS_AV_SUCC=4.616911130284726
ROUTE_PAYMENT_SUCCESS_DIRECT=0.9272
ROUTE_PAYMENT_SUCCESS=0.9272
