ROUTE_PAYMENT_MES_AV=7.329700000000003
ROUTE_PAYMENT_MES_AV_SUCC=6.108881875563571
ROUTE_PAYMENT_HOPS_AV=4.5186
ROUTE_PAYMENT_HOPS_AV_SUCC=4.262285843101895
ROUTE_PAYMENT_SUCCESS_DIRECT=0.8872
ROUTE_PAYMENT_SUCCESS=0.8872
