ROUTE_PAYMENT_MES_AV=5.643599999999997
ROUTE_PAYMENT_MES_AV_SUCC=4.818903471634208
ROUTE_PAYMENT_HOPS_AV=5.397299999999999
ROUTE_PAYMENT_HOPS_AV_SUCC=4.689140558848432
ROUTE_PAYMENT_SUCCESS_DIRECT=0.9448
ROUTE_PAYMENT_SUCCESS=0.9448
