ROUTE_PAYMENT_MES_AV=4.1891
ROUTE_PAYMENT_MES_AV_SUCC=3.8332773673606453
ROUTE_PAYMENT_HOPS_AV=3.307399999999999
ROUTE_PAYMENT_HOPS_AV_SUCC=3.7063465413028873
ROUTE_PAYMENT_SUCCESS_DIRECT=0.5956
ROUTE_PAYMENT_SUCCESS=0.5956
