ROUTE_PAYMENT_MES_AV=3.9190000000000005
ROUTE_PAYMENT_MES_AV_SUCC=3.946057406796437
ROUTE_PAYMENT_HOPS_AV=15.9014
ROUTE_PAYMENT_HOPS_AV_SUCC=21.051303200263938
ROUTE_PAYMENT_SUCCESS_DIRECT=0.6062
ROUTE_PAYMENT_SUCCESS=0.6062
