ROUTE_PAYMENT_MES_AV=6.538899999999999
ROUTE_PAYMENT_MES_AV_SUCC=5.312359830550709
ROUTE_PAYMENT_HOPS_AV=4.240500000000001
ROUTE_PAYMENT_HOPS_AV_SUCC=4.068651881385496
ROUTE_PAYMENT_SUCCESS_DIRECT=0.8026
ROUTE_PAYMENT_SUCCESS=0.8026
