ROUTE_PAYMENT_MES_AV=5.775900000000003
ROUTE_PAYMENT_MES_AV_SUCC=4.7052586020341955
ROUTE_PAYMENT_HOPS_AV=33.81550000000001
ROUTE_PAYMENT_HOPS_AV_SUCC=27.67972300367885
ROUTE_PAYMENT_SUCCESS_DIRECT=0.9242
ROUTE_PAYMENT_SUCCESS=0.9242
