ROUTE_PAYMENT_MES_AV=7.141100000000001
ROUTE_PAYMENT_MES_AV_SUCC=5.7858055523289575
ROUTE_PAYMENT_HOPS_AV=4.434400000000003
ROUTE_PAYMENT_HOPS_AV_SUCC=4.171680799163666
ROUTE_PAYMENT_SUCCESS_DIRECT=0.8609
ROUTE_PAYMENT_SUCCESS=0.8609
