ROUTE_PAYMENT_MES_AV=6.855774999999999	6.7958	6.4902999999999995	7.3778999999999995	0.06353459687499978	0.04412943517045414	0.08725201673611113	6.745304527167889	6.966245472832108
ROUTE_PAYMENT_MES_AV_SUCC=5.526714503985483	5.4824791121087415	5.246738296239447	5.895736848355301	0.03220073408704643	0.018575659258482827	0.057504444482950265	5.4480689891518965	5.605360018819069
ROUTE_PAYMENT_HOPS_AV=4.33591	4.345599999999998	4.157199999999999	4.524999999999999	0.008950764899999943	0.00855080890000005	0.009350720899999835	4.294446004510033	4.377373995489967
ROUTE_PAYMENT_HOPS_AV_SUCC=4.121548654469133	4.130173328616906	4.022440562833576	4.210274218656449	0.0030101341695723243	0.0036451506084667538	0.0024905752650223375	4.097503144050523	4.145594164887743
ROUTE_PAYMENT_SUCCESS_DIRECT=0.821805	0.8187	0.7818	0.8648	4.1260447499999974E-4	3.4032393409090945E-4	5.009473583333324E-4	0.8129025808030625	0.8307074191969375
ROUTE_PAYMENT_SUCCESS=0.821805	0.8187	0.7818	0.8648	4.1260447499999974E-4	3.4032393409090945E-4	5.009473583333324E-4	0.8129025808030625	0.8307074191969375
