ROUTE_PAYMENT_MES_AV=3.6611999999999996
ROUTE_PAYMENT_MES_AV_SUCC=3.797964113181504
ROUTE_PAYMENT_HOPS_AV=18.0748
ROUTE_PAYMENT_HOPS_AV_SUCC=24.342305037957214
ROUTE_PAYMENT_SUCCESS_DIRECT=0.5796
ROUTE_PAYMENT_SUCCESS=0.5796
