ROUTE_PAYMENT_MES_AV=6.4021
ROUTE_PAYMENT_MES_AV_SUCC=5.556896343670809
ROUTE_PAYMENT_HOPS_AV=4.207199999999999
ROUTE_PAYMENT_HOPS_AV_SUCC=4.15542415832026
ROUTE_PAYMENT_SUCCESS_DIRECT=0.8287
ROUTE_PAYMENT_SUCCESS=0.8287
