ROUTE_PAYMENT_MES_AV=5.759899999999999
ROUTE_PAYMENT_MES_AV_SUCC=4.772146461934931
ROUTE_PAYMENT_HOPS_AV=15.361999999999995
ROUTE_PAYMENT_HOPS_AV_SUCC=12.288091914528074
ROUTE_PAYMENT_SUCCESS_DIRECT=0.9313
ROUTE_PAYMENT_SUCCESS=0.9313
