ROUTE_PAYMENT_MES_AV=8.999099999999997
ROUTE_PAYMENT_MES_AV_SUCC=6.9868149979398435
ROUTE_PAYMENT_HOPS_AV=4.9834999999999985
ROUTE_PAYMENT_HOPS_AV_SUCC=4.45241038318912
ROUTE_PAYMENT_SUCCESS_DIRECT=0.9708
ROUTE_PAYMENT_SUCCESS=0.9708
