ROUTE_PAYMENT_MES_AV=5.925299999999998
ROUTE_PAYMENT_MES_AV_SUCC=4.737513513513512
ROUTE_PAYMENT_HOPS_AV=5.584699999999997
ROUTE_PAYMENT_HOPS_AV_SUCC=4.646054054054057
ROUTE_PAYMENT_SUCCESS_DIRECT=0.925
ROUTE_PAYMENT_SUCCESS=0.925
