ROUTE_PAYMENT_MES_AV=3.7963
ROUTE_PAYMENT_MES_AV_SUCC=3.8197567882725303
ROUTE_PAYMENT_HOPS_AV=17.077299999999994
ROUTE_PAYMENT_HOPS_AV_SUCC=22.624021322672004
ROUTE_PAYMENT_SUCCESS_DIRECT=0.6003
ROUTE_PAYMENT_SUCCESS=0.6003
