ROUTE_PAYMENT_MES_AV=5.897700000000003
ROUTE_PAYMENT_MES_AV_SUCC=4.784484613729288
ROUTE_PAYMENT_HOPS_AV=5.5897
ROUTE_PAYMENT_HOPS_AV_SUCC=4.662362814719176
ROUTE_PAYMENT_SUCCESS_DIRECT=0.9294
ROUTE_PAYMENT_SUCCESS=0.9294
