ROUTE_PAYMENT_MES_AV=4.167099999999999
ROUTE_PAYMENT_MES_AV_SUCC=4.00031007751938
ROUTE_PAYMENT_HOPS_AV=15.356200000000001
ROUTE_PAYMENT_HOPS_AV_SUCC=19.433333333333326
ROUTE_PAYMENT_SUCCESS_DIRECT=0.645
ROUTE_PAYMENT_SUCCESS=0.645
