ROUTE_PAYMENT_MES_AV=4.727599999999999
ROUTE_PAYMENT_MES_AV_SUCC=4.148840105869532
ROUTE_PAYMENT_HOPS_AV=3.4987
ROUTE_PAYMENT_HOPS_AV_SUCC=3.745134672271524
ROUTE_PAYMENT_SUCCESS_DIRECT=0.6423
ROUTE_PAYMENT_SUCCESS=0.6423
