ROUTE_PAYMENT_MES_AV=9.143899999999999
ROUTE_PAYMENT_MES_AV_SUCC=7.0636193252811355
ROUTE_PAYMENT_HOPS_AV=5.070000000000001
ROUTE_PAYMENT_HOPS_AV_SUCC=4.501041232819661
ROUTE_PAYMENT_SUCCESS_DIRECT=0.9604
ROUTE_PAYMENT_SUCCESS=0.9604
