ROUTE_PAYMENT_MES_AV=5.844200000000003
ROUTE_PAYMENT_MES_AV_SUCC=4.754504015628395
ROUTE_PAYMENT_HOPS_AV=25.154499999999985
ROUTE_PAYMENT_HOPS_AV_SUCC=20.230627306273064
ROUTE_PAYMENT_SUCCESS_DIRECT=0.9214
ROUTE_PAYMENT_SUCCESS=0.9214
