ROUTE_PAYMENT_MES_AV=5.8251
ROUTE_PAYMENT_MES_AV_SUCC=5.101456554495228
ROUTE_PAYMENT_HOPS_AV=3.9671000000000003
ROUTE_PAYMENT_HOPS_AV_SUCC=3.980662983425414
ROUTE_PAYMENT_SUCCESS_DIRECT=0.7964
ROUTE_PAYMENT_SUCCESS=0.7964
