ROUTE_PAYMENT_MES_AV=5.400800000000005
ROUTE_PAYMENT_MES_AV_SUCC=4.6285652549697485
ROUTE_PAYMENT_HOPS_AV=5.253500000000002
ROUTE_PAYMENT_HOPS_AV_SUCC=4.576058772687987
ROUTE_PAYMENT_SUCCESS_DIRECT=0.9256
ROUTE_PAYMENT_SUCCESS=0.9256
