ROUTE_PAYMENT_MES_AV=7.491999999999999	7.4841000000000015	6.9784000000000015	8.5982	0.15029946599999977	0.10522172545454471	0.20539448222222262	7.322089666502357	7.661910333497641
ROUTE_PAYMENT_MES_AV_SUCC=6.17524041557594	6.232420765648072	5.8389990557129385	6.609190371991248	0.044903136509161064	0.04425248983020391	0.0455537831881182	6.08236956729361	6.2681112638582706
ROUTE_PAYMENT_HOPS_AV=10.953135000000001	10.922800000000004	9.720699999999999	12.479300000000006	0.8172303092749992	0.6949217869522714	0.9667185032249999	10.55693606284148	11.349333937158523
ROUTE_PAYMENT_HOPS_AV_SUCC=10.061859357179285	10.154084087524348	8.22680525164114	11.864966949952787	1.020871913845546	0.9844100681218906	1.0573337595692012	9.61903989372781	10.50467882063076
ROUTE_PAYMENT_SUCCESS_DIRECT=0.88378	0.8889	0.8451	0.914	4.058256000000006E-4	4.376842000000012E-4	3.739669999999999E-4	0.874951014710172	0.892608985289828
ROUTE_PAYMENT_SUCCESS=0.88378	0.8889	0.8451	0.914	4.058256000000006E-4	4.376842000000012E-4	3.739669999999999E-4	0.874951014710172	0.892608985289828
