ROUTE_PAYMENT_MES_AV=5.902800000000001
ROUTE_PAYMENT_MES_AV_SUCC=4.816606034667236
ROUTE_PAYMENT_HOPS_AV=5.546400000000001
ROUTE_PAYMENT_HOPS_AV_SUCC=4.680719024181469
ROUTE_PAYMENT_SUCCESS_DIRECT=0.9346
ROUTE_PAYMENT_SUCCESS=0.9346
