ROUTE_PAYMENT_MES_AV=5.176899999999999
ROUTE_PAYMENT_MES_AV_SUCC=4.494571238643915
ROUTE_PAYMENT_HOPS_AV=5.118800000000001
ROUTE_PAYMENT_HOPS_AV_SUCC=4.494238865499665
ROUTE_PAYMENT_SUCCESS_DIRECT=0.9026
ROUTE_PAYMENT_SUCCESS=0.9026
