ROUTE_PAYMENT_MES_AV=5.6847
ROUTE_PAYMENT_MES_AV_SUCC=4.682255993150684
ROUTE_PAYMENT_HOPS_AV=5.4038999999999975
ROUTE_PAYMENT_HOPS_AV_SUCC=4.570633561643836
ROUTE_PAYMENT_SUCCESS_DIRECT=0.9344
ROUTE_PAYMENT_SUCCESS=0.9344
