ROUTE_PAYMENT_MES_AV=5.798199999999997
ROUTE_PAYMENT_MES_AV_SUCC=4.842336548767417
ROUTE_PAYMENT_HOPS_AV=14.478800000000012
ROUTE_PAYMENT_HOPS_AV_SUCC=12.298821007502683
ROUTE_PAYMENT_SUCCESS_DIRECT=0.933
ROUTE_PAYMENT_SUCCESS=0.933
