ROUTE_PAYMENT_MES_AV=5.718800000000002
ROUTE_PAYMENT_MES_AV_SUCC=4.855556753260753
ROUTE_PAYMENT_HOPS_AV=5.4597
ROUTE_PAYMENT_HOPS_AV_SUCC=4.741080090546513
ROUTE_PAYMENT_SUCCESS_DIRECT=0.9277
ROUTE_PAYMENT_SUCCESS=0.9277
