ROUTE_PAYMENT_MES_AV=5.238300000000002
ROUTE_PAYMENT_MES_AV_SUCC=4.582729866140006
ROUTE_PAYMENT_HOPS_AV=27.72329999999999
ROUTE_PAYMENT_HOPS_AV_SUCC=23.799868334430542
ROUTE_PAYMENT_SUCCESS_DIRECT=0.9114
ROUTE_PAYMENT_SUCCESS=0.9114
