ROUTE_PAYMENT_MES_AV=7.017700000000002
ROUTE_PAYMENT_MES_AV_SUCC=5.629683345419384
ROUTE_PAYMENT_HOPS_AV=4.422699999999999
ROUTE_PAYMENT_HOPS_AV_SUCC=4.165337200870195
ROUTE_PAYMENT_SUCCESS_DIRECT=0.8274
ROUTE_PAYMENT_SUCCESS=0.8274
