ROUTE_PAYMENT_MES_AV=5.974099999999998
ROUTE_PAYMENT_MES_AV_SUCC=4.769727634836901
ROUTE_PAYMENT_HOPS_AV=5.585000000000002
ROUTE_PAYMENT_HOPS_AV_SUCC=4.63935838088061
ROUTE_PAYMENT_SUCCESS_DIRECT=0.9289
ROUTE_PAYMENT_SUCCESS=0.9289
