ROUTE_PAYMENT_MES_AV=9.429299999999998
ROUTE_PAYMENT_MES_AV_SUCC=6.706217616580311
ROUTE_PAYMENT_HOPS_AV=5.017900000000001
ROUTE_PAYMENT_HOPS_AV_SUCC=4.315854922279792
ROUTE_PAYMENT_SUCCESS_DIRECT=0.965
ROUTE_PAYMENT_SUCCESS=0.965
