ROUTE_PAYMENT_MES_AV=6.043699999999997
ROUTE_PAYMENT_MES_AV_SUCC=4.814495254529766
ROUTE_PAYMENT_HOPS_AV=20.355700000000024
ROUTE_PAYMENT_HOPS_AV_SUCC=15.85795944779983
ROUTE_PAYMENT_SUCCESS_DIRECT=0.9272
ROUTE_PAYMENT_SUCCESS=0.9272
