ROUTE_PAYMENT_MES_AV=7.846099999999999
ROUTE_PAYMENT_MES_AV_SUCC=6.290652173913042
ROUTE_PAYMENT_HOPS_AV=8.5067
ROUTE_PAYMENT_HOPS_AV_SUCC=7.667282608695653
ROUTE_PAYMENT_SUCCESS_DIRECT=0.92
ROUTE_PAYMENT_SUCCESS=0.92
