ROUTE_PAYMENT_MES_AV=6.915700000000002
ROUTE_PAYMENT_MES_AV_SUCC=6.036423841059603
ROUTE_PAYMENT_HOPS_AV=4.433599999999999
ROUTE_PAYMENT_HOPS_AV_SUCC=4.268897008449417
ROUTE_PAYMENT_SUCCESS_DIRECT=0.8758
ROUTE_PAYMENT_SUCCESS=0.8758
