ROUTE_PAYMENT_MES_AV=7.108600000000002
ROUTE_PAYMENT_MES_AV_SUCC=5.827777777777775
ROUTE_PAYMENT_HOPS_AV=4.398699999999997
ROUTE_PAYMENT_HOPS_AV_SUCC=4.144331065759635
ROUTE_PAYMENT_SUCCESS_DIRECT=0.882
ROUTE_PAYMENT_SUCCESS=0.882
