ROUTE_PAYMENT_MES_AV=6.782100000000002
ROUTE_PAYMENT_MES_AV_SUCC=5.3896103896103895
ROUTE_PAYMENT_HOPS_AV=4.3111000000000015
ROUTE_PAYMENT_HOPS_AV_SUCC=4.078902229845627
ROUTE_PAYMENT_SUCCESS_DIRECT=0.8162
ROUTE_PAYMENT_SUCCESS=0.8162
