ROUTE_PAYMENT_MES_AV=6.4094999999999995
ROUTE_PAYMENT_MES_AV_SUCC=5.7116273693943596
ROUTE_PAYMENT_HOPS_AV=8.216200000000002
ROUTE_PAYMENT_HOPS_AV_SUCC=8.392857142857148
ROUTE_PAYMENT_SUCCESS_DIRECT=0.8652
ROUTE_PAYMENT_SUCCESS=0.8652
