ROUTE_PAYMENT_MES_AV=5.4605
ROUTE_PAYMENT_MES_AV_SUCC=4.701549127938468
ROUTE_PAYMENT_HOPS_AV=11.730000000000008
ROUTE_PAYMENT_HOPS_AV_SUCC=10.065431697540896
ROUTE_PAYMENT_SUCCESS_DIRECT=0.9231
ROUTE_PAYMENT_SUCCESS=0.9231
