ROUTE_PAYMENT_MES_AV=7.796299999999996
ROUTE_PAYMENT_MES_AV_SUCC=6.322033898305082
ROUTE_PAYMENT_HOPS_AV=4.6949000000000005
ROUTE_PAYMENT_HOPS_AV_SUCC=4.302869170266979
ROUTE_PAYMENT_SUCCESS_DIRECT=0.9027
ROUTE_PAYMENT_SUCCESS=0.9027
