ROUTE_PAYMENT_MES_AV=7.1204
ROUTE_PAYMENT_MES_AV_SUCC=5.960175497806279
ROUTE_PAYMENT_HOPS_AV=11.331400000000004
ROUTE_PAYMENT_HOPS_AV_SUCC=10.545168185397682
ROUTE_PAYMENT_SUCCESS_DIRECT=0.8889
ROUTE_PAYMENT_SUCCESS=0.8889
