ROUTE_PAYMENT_MES_AV=6.517199999999999
ROUTE_PAYMENT_MES_AV_SUCC=5.138279081503912
ROUTE_PAYMENT_HOPS_AV=4.2362
ROUTE_PAYMENT_HOPS_AV_SUCC=4.018294221549331
ROUTE_PAYMENT_SUCCESS_DIRECT=0.7926
ROUTE_PAYMENT_SUCCESS=0.7926
