ROUTE_PAYMENT_MES_AV=5.749900000000001
ROUTE_PAYMENT_MES_AV_SUCC=4.661311192581411
ROUTE_PAYMENT_HOPS_AV=19.489399999999982
ROUTE_PAYMENT_HOPS_AV_SUCC=15.56620659909424
ROUTE_PAYMENT_SUCCESS_DIRECT=0.9274
ROUTE_PAYMENT_SUCCESS=0.9274
