ROUTE_PAYMENT_MES_AV=6.067499999999999
ROUTE_PAYMENT_MES_AV_SUCC=4.910631537137561
ROUTE_PAYMENT_HOPS_AV=25.488899999999997
ROUTE_PAYMENT_HOPS_AV_SUCC=24.425791076393487
ROUTE_PAYMENT_SUCCESS_DIRECT=0.7553
ROUTE_PAYMENT_SUCCESS=0.7553
