ROUTE_PAYMENT_MES_AV=6.137305000000001	6.129200000000001	5.7578	6.551299999999999	0.03692658447499995	0.029538393025000373	0.04800887164999931	6.053085890850367	6.221524109149636
ROUTE_PAYMENT_MES_AV_SUCC=5.33489604556557	5.337903527358844	5.035241730279898	5.689720963510616	0.0293315302747785	0.03055988453170893	0.02832651315547177	5.259836067313644	5.409956023817495
ROUTE_PAYMENT_HOPS_AV=4.1119200000000005	4.111	3.9671000000000003	4.2506	0.005943053599999999	0.005191993854545503	0.006861015511111047	4.078133290549567	4.145706709450434
ROUTE_PAYMENT_HOPS_AV_SUCC=4.078600751405075	4.08890521675239	3.9728539985326483	4.1576436918674	0.0028230712459473934	0.00304725843143852	0.0025988840604562664	4.055314370730493	4.101887132079657
ROUTE_PAYMENT_SUCCESS_DIRECT=0.81297	0.8166	0.7636	0.8456	3.8932210000000014E-4	4.2994729999999953E-4	3.4869690000000075E-4	0.804322399814515	0.8216176001854849
ROUTE_PAYMENT_SUCCESS=0.81297	0.8166	0.7636	0.8456	3.8932210000000014E-4	4.2994729999999953E-4	3.4869690000000075E-4	0.804322399814515	0.8216176001854849
