ROUTE_PAYMENT_MES_AV=7.702599999999998
ROUTE_PAYMENT_MES_AV_SUCC=5.863839285714289
ROUTE_PAYMENT_HOPS_AV=4.716100000000002
ROUTE_PAYMENT_HOPS_AV_SUCC=4.263157894736841
ROUTE_PAYMENT_SUCCESS_DIRECT=0.8512
ROUTE_PAYMENT_SUCCESS=0.8512
