ROUTE_PAYMENT_MES_AV=9.039399999999999
ROUTE_PAYMENT_MES_AV_SUCC=7.191528734450498
ROUTE_PAYMENT_HOPS_AV=5.052299999999999
ROUTE_PAYMENT_HOPS_AV_SUCC=4.485864089647374
ROUTE_PAYMENT_SUCCESS_DIRECT=0.9727
ROUTE_PAYMENT_SUCCESS=0.9727
