ROUTE_PAYMENT_MES_AV=6.488800000000001
ROUTE_PAYMENT_MES_AV_SUCC=5.106925566343041
ROUTE_PAYMENT_HOPS_AV=21.771400000000003
ROUTE_PAYMENT_HOPS_AV_SUCC=20.174886731391585
ROUTE_PAYMENT_SUCCESS_DIRECT=0.7725
ROUTE_PAYMENT_SUCCESS=0.7725
