ROUTE_PAYMENT_MES_AV=5.107200000000004
ROUTE_PAYMENT_MES_AV_SUCC=4.436825885978426
ROUTE_PAYMENT_HOPS_AV=5.053899999999999
ROUTE_PAYMENT_HOPS_AV_SUCC=4.436825885978426
ROUTE_PAYMENT_SUCCESS_DIRECT=0.9086
ROUTE_PAYMENT_SUCCESS=0.9086
