ROUTE_PAYMENT_MES_AV=7.2931
ROUTE_PAYMENT_MES_AV_SUCC=6.452388761342515
ROUTE_PAYMENT_HOPS_AV=4.516999999999999
ROUTE_PAYMENT_HOPS_AV_SUCC=4.331802776866733
ROUTE_PAYMENT_SUCCESS_DIRECT=0.9147
ROUTE_PAYMENT_SUCCESS=0.9147
