ROUTE_PAYMENT_MES_AV=1818.942099999998
ROUTE_PAYMENT_MES_AV_SUCC=488.69328993490217
ROUTE_PAYMENT_HOPS_AV=19.952199999999987
ROUTE_PAYMENT_HOPS_AV_SUCC=8.786179268903354
ROUTE_PAYMENT_SUCCESS_DIRECT=0.3994
ROUTE_PAYMENT_SUCCESS=0.3994
ROUTE_PAYMENT_FEE_AV=155.22974331895034
ROUTE_PAYMENT_FEE_MED=191.3933978372081
ROUTE_PAYMENT_FEE_Q1=39.840534980401166
ROUTE_PAYMENT_FEE_Q3=202.14652261174527
