ROUTE_PAYMENT_MES_AV=6.083899999999997
ROUTE_PAYMENT_MES_AV_SUCC=4.888625904010516
ROUTE_PAYMENT_HOPS_AV=23.160400000000017
ROUTE_PAYMENT_HOPS_AV_SUCC=21.854569362261664
ROUTE_PAYMENT_SUCCESS_DIRECT=0.7605
ROUTE_PAYMENT_SUCCESS=0.7605
