ROUTE_PAYMENT_MES_AV=5.540800000000001
ROUTE_PAYMENT_MES_AV_SUCC=4.6539803707742635
ROUTE_PAYMENT_HOPS_AV=9.763699999999998
ROUTE_PAYMENT_HOPS_AV_SUCC=8.172628135223553
ROUTE_PAYMENT_SUCCESS_DIRECT=0.917
ROUTE_PAYMENT_SUCCESS=0.917
