ROUTE_PAYMENT_MES_AV=5.707000000000003
ROUTE_PAYMENT_MES_AV_SUCC=4.539207144412983
ROUTE_PAYMENT_HOPS_AV=5.410099999999996
ROUTE_PAYMENT_HOPS_AV_SUCC=4.455020692659552
ROUTE_PAYMENT_SUCCESS_DIRECT=0.9182
ROUTE_PAYMENT_SUCCESS=0.9182
