ROUTE_PAYMENT_MES_AV=26.25	26.25	26.25	26.25	0.0	0.0	0.0	26.25	26.25
ROUTE_PAYMENT_MES_AV_SUCC=21.0	21.0	21.0	21.0	0.0	0.0	0.0	21.0	21.0
ROUTE_PAYMENT_HOPS_AV=11.25	11.25	11.25	11.25	0.0	0.0	0.0	11.25	11.25
ROUTE_PAYMENT_HOPS_AV_SUCC=9.0	9.0	9.0	9.0	0.0	0.0	0.0	9.0	9.0
ROUTE_PAYMENT_SUCCESS_DIRECT=0.25	0.25	0.25	0.25	0.0	0.0	0.0	0.25	0.25
ROUTE_PAYMENT_SUCCESS=1.25	1.25	1.25	1.25	0.0	0.0	0.0	1.25	1.25
ROUTE_PAYMENT_FEE_AV=0.34609375	0.34609375	0.34609375	0.34609375	0.0	0.0	0.0	0.34609375	0.34609375
ROUTE_PAYMENT_FEE_MED=0.37109375	0.37109375	0.37109375	0.37109375	0.0	0.0	0.0	0.37109375	0.37109375
ROUTE_PAYMENT_FEE_Q1=0.37109375	0.37109375	0.37109375	0.37109375	0.0	0.0	0.0	0.37109375	0.37109375
ROUTE_PAYMENT_FEE_Q3=0.37109375	0.37109375	0.37109375	0.37109375	0.0	0.0	0.0	0.37109375	0.37109375
