ROUTE_PAYMENT_MES_AV=5.719600000000003
ROUTE_PAYMENT_MES_AV_SUCC=4.786268592369047
ROUTE_PAYMENT_HOPS_AV=5.471999999999998
ROUTE_PAYMENT_HOPS_AV_SUCC=4.684414744557018
ROUTE_PAYMENT_SUCCESS_DIRECT=0.9278
ROUTE_PAYMENT_SUCCESS=0.9278
