ROUTE_PAYMENT_MES_AV=6.168800000000002
ROUTE_PAYMENT_MES_AV_SUCC=5.405708825988295
ROUTE_PAYMENT_HOPS_AV=4.1113
ROUTE_PAYMENT_HOPS_AV_SUCC=4.0624626776543655
ROUTE_PAYMENT_SUCCESS_DIRECT=0.8373
ROUTE_PAYMENT_SUCCESS=0.8373
