ROUTE_PAYMENT_MES_AV=6.865399999999998
ROUTE_PAYMENT_MES_AV_SUCC=5.4824791121087415
ROUTE_PAYMENT_HOPS_AV=4.4115999999999955
ROUTE_PAYMENT_HOPS_AV_SUCC=4.162738496071829
ROUTE_PAYMENT_SUCCESS_DIRECT=0.8019
ROUTE_PAYMENT_SUCCESS=0.8019
