ROUTE_PAYMENT_MES_AV=5.757200000000002
ROUTE_PAYMENT_MES_AV_SUCC=4.8539397821909045
ROUTE_PAYMENT_HOPS_AV=5.4681999999999995
ROUTE_PAYMENT_HOPS_AV_SUCC=4.731368780696132
ROUTE_PAYMENT_SUCCESS_DIRECT=0.9366
ROUTE_PAYMENT_SUCCESS=0.9366
