ROUTE_PAYMENT_MES_AV=6.0915000000000035
ROUTE_PAYMENT_MES_AV_SUCC=4.8006274340112505
ROUTE_PAYMENT_HOPS_AV=5.766900000000002
ROUTE_PAYMENT_HOPS_AV_SUCC=4.709108610990909
ROUTE_PAYMENT_SUCCESS_DIRECT=0.9244
ROUTE_PAYMENT_SUCCESS=0.9244
