ROUTE_PAYMENT_MES_AV=5.743199999999999
ROUTE_PAYMENT_MES_AV_SUCC=4.721479404787579
ROUTE_PAYMENT_HOPS_AV=5.4957000000000065
ROUTE_PAYMENT_HOPS_AV_SUCC=4.630364459780031
ROUTE_PAYMENT_SUCCESS_DIRECT=0.9274
ROUTE_PAYMENT_SUCCESS=0.9274
