ROUTE_PAYMENT_MES_AV=5.728499999999999
ROUTE_PAYMENT_MES_AV_SUCC=4.63710895361381
ROUTE_PAYMENT_HOPS_AV=28.002000000000017
ROUTE_PAYMENT_HOPS_AV_SUCC=22.26332254584683
ROUTE_PAYMENT_SUCCESS_DIRECT=0.927
ROUTE_PAYMENT_SUCCESS=0.927
