ROUTE_PAYMENT_MES_AV=8.810199999999996
ROUTE_PAYMENT_MES_AV_SUCC=7.24290707236842
ROUTE_PAYMENT_HOPS_AV=5.015199999999999
ROUTE_PAYMENT_HOPS_AV_SUCC=4.5482113486842115
ROUTE_PAYMENT_SUCCESS_DIRECT=0.9728
ROUTE_PAYMENT_SUCCESS=0.9728
