ROUTE_PAYMENT_MES_AV=5.6611
ROUTE_PAYMENT_MES_AV_SUCC=4.6776429809358735
ROUTE_PAYMENT_HOPS_AV=40.45290000000004
ROUTE_PAYMENT_HOPS_AV_SUCC=33.22952772963605
ROUTE_PAYMENT_SUCCESS_DIRECT=0.9232
ROUTE_PAYMENT_SUCCESS=0.9232
