ROUTE_PAYMENT_MES_AV=4.044900000000001
ROUTE_PAYMENT_MES_AV_SUCC=3.6938961988304087
ROUTE_PAYMENT_HOPS_AV=3.1997000000000004
ROUTE_PAYMENT_HOPS_AV_SUCC=3.6398026315789473
ROUTE_PAYMENT_SUCCESS_DIRECT=0.5472
ROUTE_PAYMENT_SUCCESS=0.5472
