ROUTE_PAYMENT_MES_AV=5.730599999999999
ROUTE_PAYMENT_MES_AV_SUCC=4.734607906675307
ROUTE_PAYMENT_HOPS_AV=24.423899999999986
ROUTE_PAYMENT_HOPS_AV_SUCC=20.06092028515877
ROUTE_PAYMENT_SUCCESS_DIRECT=0.9258
ROUTE_PAYMENT_SUCCESS=0.9258
