ROUTE_PAYMENT_MES_AV=4.9234
ROUTE_PAYMENT_MES_AV_SUCC=4.468695079086115
ROUTE_PAYMENT_HOPS_AV=4.871099999999999
ROUTE_PAYMENT_HOPS_AV_SUCC=4.468695079086115
ROUTE_PAYMENT_SUCCESS_DIRECT=0.9104
ROUTE_PAYMENT_SUCCESS=0.9104
