ROUTE_PAYMENT_MES_AV=1991.6561999999974
ROUTE_PAYMENT_MES_AV_SUCC=1628.479456351281
ROUTE_PAYMENT_HOPS_AV=9.873999999999999
ROUTE_PAYMENT_HOPS_AV_SUCC=9.07527443805541
ROUTE_PAYMENT_SUCCESS_DIRECT=0.9565
ROUTE_PAYMENT_SUCCESS=0.9565
ROUTE_PAYMENT_FEE_AV=26.79815507623817
ROUTE_PAYMENT_FEE_MED=15.897104167394458
ROUTE_PAYMENT_FEE_Q1=8.235648784891879
ROUTE_PAYMENT_FEE_Q3=31.418059140082114
