ROUTE_PAYMENT_MES_AV=6.0445
ROUTE_PAYMENT_MES_AV_SUCC=5.224677948977018
ROUTE_PAYMENT_HOPS_AV=4.0497000000000005
ROUTE_PAYMENT_HOPS_AV_SUCC=4.048370800707249
ROUTE_PAYMENT_SUCCESS_DIRECT=0.7918
ROUTE_PAYMENT_SUCCESS=0.7918
