ROUTE_PAYMENT_MES_AV=4.077500000000001
ROUTE_PAYMENT_MES_AV_SUCC=4.014171689200195
ROUTE_PAYMENT_HOPS_AV=15.6619
ROUTE_PAYMENT_HOPS_AV_SUCC=20.468480208503024
ROUTE_PAYMENT_SUCCESS_DIRECT=0.6139
ROUTE_PAYMENT_SUCCESS=0.6139
