ROUTE_PAYMENT_MES_AV=5.3389999999999995
ROUTE_PAYMENT_MES_AV_SUCC=4.672684980062029
ROUTE_PAYMENT_HOPS_AV=41.66909999999999
ROUTE_PAYMENT_HOPS_AV_SUCC=35.72241914045193
ROUTE_PAYMENT_SUCCESS_DIRECT=0.9028
ROUTE_PAYMENT_SUCCESS=0.9028
