ROUTE_PAYMENT_MES_AV=5.552699999999998
ROUTE_PAYMENT_MES_AV_SUCC=4.665093833780162
ROUTE_PAYMENT_HOPS_AV=14.002399999999996
ROUTE_PAYMENT_HOPS_AV_SUCC=11.912493297587133
ROUTE_PAYMENT_SUCCESS_DIRECT=0.9325
ROUTE_PAYMENT_SUCCESS=0.9325
