ROUTE_PAYMENT_MES_AV=5.216300000000001
ROUTE_PAYMENT_MES_AV_SUCC=4.5392081173486245
ROUTE_PAYMENT_HOPS_AV=37.26370000000002
ROUTE_PAYMENT_HOPS_AV_SUCC=31.686555641336724
ROUTE_PAYMENT_SUCCESS_DIRECT=0.9067
ROUTE_PAYMENT_SUCCESS=0.9067
