ROUTE_PAYMENT_MES_AV=6.6442
ROUTE_PAYMENT_MES_AV_SUCC=5.287071511105407
ROUTE_PAYMENT_HOPS_AV=4.2849
ROUTE_PAYMENT_HOPS_AV_SUCC=4.092181281294133
ROUTE_PAYMENT_SUCCESS_DIRECT=0.7789
ROUTE_PAYMENT_SUCCESS=0.7789
