ROUTE_PAYMENT_MES_AV=5.459100000000003
ROUTE_PAYMENT_MES_AV_SUCC=4.634894816742572
ROUTE_PAYMENT_HOPS_AV=5.2853
ROUTE_PAYMENT_HOPS_AV_SUCC=4.574495770982433
ROUTE_PAYMENT_SUCCESS_DIRECT=0.9222
ROUTE_PAYMENT_SUCCESS=0.9222
