ROUTE_PAYMENT_MES_AV=5.730999999999998
ROUTE_PAYMENT_MES_AV_SUCC=4.667821192769779
ROUTE_PAYMENT_HOPS_AV=31.713399999999986
ROUTE_PAYMENT_HOPS_AV_SUCC=25.68914384673667
ROUTE_PAYMENT_SUCCESS_DIRECT=0.9239
ROUTE_PAYMENT_SUCCESS=0.9239
