ROUTE_PAYMENT_MES_AV=5.714700000000004
ROUTE_PAYMENT_MES_AV_SUCC=4.7514463252624815
ROUTE_PAYMENT_HOPS_AV=5.421599999999999
ROUTE_PAYMENT_HOPS_AV_SUCC=4.626526676665954
ROUTE_PAYMENT_SUCCESS_DIRECT=0.9334
ROUTE_PAYMENT_SUCCESS=0.9334
