ROUTE_PAYMENT_MES_AV=6.023300000000003
ROUTE_PAYMENT_MES_AV_SUCC=4.776691729323309
ROUTE_PAYMENT_HOPS_AV=5.6719
ROUTE_PAYMENT_HOPS_AV_SUCC=4.643179377013962
ROUTE_PAYMENT_SUCCESS_DIRECT=0.931
ROUTE_PAYMENT_SUCCESS=0.931
