ROUTE_PAYMENT_MES_AV=5.606564999999999	5.588500000000002	5.3948	5.8415	0.010367148275000057	0.008767343043181662	0.01232246578055587	5.5619407706995165	5.651189229300481
ROUTE_PAYMENT_MES_AV_SUCC=4.715937409401701	4.727115716753022	4.57176852352623	4.848067190696672	0.005628685654624948	0.006377319736781125	0.005016166860133527	4.683056443166805	4.748818375636597
ROUTE_PAYMENT_HOPS_AV=9.270945000000001	9.222300000000002	8.004700000000001	12.341399999999998	1.1924124044750017	0.7872217810250032	1.6876453886916667	8.792365252568542	9.74952474743146
ROUTE_PAYMENT_HOPS_AV_SUCC=7.845441007512946	7.705361003026369	6.450274164068379	10.685664752410878	1.0889905139771618	0.7398768757621075	1.515684960684451	7.388086333408992	8.3027956816169
ROUTE_PAYMENT_SUCCESS_DIRECT=0.927075	0.9267	0.9172	0.9378	2.0000874999999975E-5	1.6530624999999843E-5	2.42422916666668E-5	0.9251149571254689	0.9290350428745311
ROUTE_PAYMENT_SUCCESS=0.927075	0.9267	0.9172	0.9378	2.0000874999999975E-5	1.6530624999999843E-5	2.42422916666668E-5	0.9251149571254689	0.9290350428745311
