ROUTE_PAYMENT_MES_AV=5.816100000000003
ROUTE_PAYMENT_MES_AV_SUCC=4.704994571118347
ROUTE_PAYMENT_HOPS_AV=5.525600000000002
ROUTE_PAYMENT_HOPS_AV_SUCC=4.6054288816503774
ROUTE_PAYMENT_SUCCESS_DIRECT=0.921
ROUTE_PAYMENT_SUCCESS=0.921
