ROUTE_PAYMENT_MES_AV=5.446900000000001
ROUTE_PAYMENT_MES_AV_SUCC=4.609501865262235
ROUTE_PAYMENT_HOPS_AV=14.369100000000012
ROUTE_PAYMENT_HOPS_AV_SUCC=11.975751590958964
ROUTE_PAYMENT_SUCCESS_DIRECT=0.9114
ROUTE_PAYMENT_SUCCESS=0.9114
