ROUTE_PAYMENT_MES_AV=8.712299999999997
ROUTE_PAYMENT_MES_AV_SUCC=6.864119772844604
ROUTE_PAYMENT_HOPS_AV=4.9559999999999995
ROUTE_PAYMENT_HOPS_AV_SUCC=4.424883840991224
ROUTE_PAYMENT_SUCCESS_DIRECT=0.9685
ROUTE_PAYMENT_SUCCESS=0.9685
