ROUTE_PAYMENT_MES_AV=6.611099999999999
ROUTE_PAYMENT_MES_AV_SUCC=5.726814988290397
ROUTE_PAYMENT_HOPS_AV=4.2847
ROUTE_PAYMENT_HOPS_AV_SUCC=4.157259953161593
ROUTE_PAYMENT_SUCCESS_DIRECT=0.854
ROUTE_PAYMENT_SUCCESS=0.854
