ROUTE_PAYMENT_MES_AV=7.729900000000001
ROUTE_PAYMENT_MES_AV_SUCC=7.7344176179412045
ROUTE_PAYMENT_HOPS_AV=3.9707999999999997
ROUTE_PAYMENT_HOPS_AV_SUCC=3.972320436407718
ROUTE_PAYMENT_SUCCESS_DIRECT=0.9899
ROUTE_PAYMENT_SUCCESS=0.9899
ROUTE_PAYMENT_FEE_AV=2.7844376234487718
ROUTE_PAYMENT_FEE_MED=2.962855150466676
ROUTE_PAYMENT_FEE_Q1=1.995080333828387
ROUTE_PAYMENT_FEE_Q3=3.0526867599637617
