ROUTE_PAYMENT_MES_AV=6.482000000000001
ROUTE_PAYMENT_MES_AV_SUCC=4.865799105327368
ROUTE_PAYMENT_HOPS_AV=4.1916
ROUTE_PAYMENT_HOPS_AV_SUCC=3.952826352175681
ROUTE_PAYMENT_SUCCESS_DIRECT=0.7377
ROUTE_PAYMENT_SUCCESS=0.7377
