ROUTE_PAYMENT_MES_AV=5.1785000000000005
ROUTE_PAYMENT_MES_AV_SUCC=4.562260431497096
ROUTE_PAYMENT_HOPS_AV=24.878399999999992
ROUTE_PAYMENT_HOPS_AV_SUCC=21.651297776804256
ROUTE_PAYMENT_SUCCESS_DIRECT=0.9131
ROUTE_PAYMENT_SUCCESS=0.9131
