ROUTE_PAYMENT_MES_AV=6.1289
ROUTE_PAYMENT_MES_AV_SUCC=4.783481903125335
ROUTE_PAYMENT_HOPS_AV=5.7799999999999985
ROUTE_PAYMENT_HOPS_AV_SUCC=4.6715712598002375
ROUTE_PAYMENT_SUCCESS_DIRECT=0.9311
ROUTE_PAYMENT_SUCCESS=0.9311
