ROUTE_PAYMENT_MES_AV=5.1351
ROUTE_PAYMENT_MES_AV_SUCC=4.378216503992901
ROUTE_PAYMENT_HOPS_AV=26.6558
ROUTE_PAYMENT_HOPS_AV_SUCC=21.93555900621117
ROUTE_PAYMENT_SUCCESS_DIRECT=0.9016
ROUTE_PAYMENT_SUCCESS=0.9016
