ROUTE_PAYMENT_MES_AV=5.452200000000004
ROUTE_PAYMENT_MES_AV_SUCC=4.57794882914137
ROUTE_PAYMENT_HOPS_AV=34.4928
ROUTE_PAYMENT_HOPS_AV_SUCC=28.63150477016478
ROUTE_PAYMENT_SUCCESS_DIRECT=0.9224
ROUTE_PAYMENT_SUCCESS=0.9224
