ROUTE_PAYMENT_MES_AV=5.834300000000004
ROUTE_PAYMENT_MES_AV_SUCC=4.639468280557654
ROUTE_PAYMENT_HOPS_AV=5.557700000000003
ROUTE_PAYMENT_HOPS_AV_SUCC=4.541446017507836
ROUTE_PAYMENT_SUCCESS_DIRECT=0.9253
ROUTE_PAYMENT_SUCCESS=0.9253
