ROUTE_PAYMENT_MES_AV=5.861199999999998
ROUTE_PAYMENT_MES_AV_SUCC=4.4960460100647
ROUTE_PAYMENT_HOPS_AV=30.089499999999997
ROUTE_PAYMENT_HOPS_AV_SUCC=28.85578720345076
ROUTE_PAYMENT_SUCCESS_DIRECT=0.6955
ROUTE_PAYMENT_SUCCESS=0.6955
