ROUTE_PAYMENT_MES_AV=5.057199999999999
ROUTE_PAYMENT_MES_AV_SUCC=4.49283983256224
ROUTE_PAYMENT_HOPS_AV=4.973200000000001
ROUTE_PAYMENT_HOPS_AV_SUCC=4.48512888301388
ROUTE_PAYMENT_SUCCESS_DIRECT=0.9078
ROUTE_PAYMENT_SUCCESS=0.9078
