ROUTE_PAYMENT_MES_AV=5.3255
ROUTE_PAYMENT_MES_AV_SUCC=4.819115990990991
ROUTE_PAYMENT_HOPS_AV=11.513299999999997
ROUTE_PAYMENT_HOPS_AV_SUCC=13.64738175675676
ROUTE_PAYMENT_SUCCESS_DIRECT=0.7104
ROUTE_PAYMENT_SUCCESS=0.7104
