ROUTE_PAYMENT_MES_AV=3.375
ROUTE_PAYMENT_MES_AV_SUCC=12.0
ROUTE_PAYMENT_HOPS_AV=1.5
ROUTE_PAYMENT_HOPS_AV_SUCC=4.0
ROUTE_PAYMENT_SUCCESS_DIRECT=0.125
ROUTE_PAYMENT_SUCCESS=0.125
ROUTE_PAYMENT_FEE_AV=3.00000060000004E-7
ROUTE_PAYMENT_FEE_MED=3.00000060000004E-7
ROUTE_PAYMENT_FEE_Q1=3.00000060000004E-7
ROUTE_PAYMENT_FEE_Q3=3.00000060000004E-7
