ROUTE_PAYMENT_MES_AV=9.876200000000003
ROUTE_PAYMENT_MES_AV_SUCC=7.077230769230772
ROUTE_PAYMENT_HOPS_AV=5.174800000000001
ROUTE_PAYMENT_HOPS_AV_SUCC=4.476615384615385
ROUTE_PAYMENT_SUCCESS_DIRECT=0.975
ROUTE_PAYMENT_SUCCESS=0.975
