ROUTE_PAYMENT_MES_AV=6.8712
ROUTE_PAYMENT_MES_AV_SUCC=5.898262459990855
ROUTE_PAYMENT_HOPS_AV=4.397299999999997
ROUTE_PAYMENT_HOPS_AV_SUCC=4.216163694558755
ROUTE_PAYMENT_SUCCESS_DIRECT=0.8748
ROUTE_PAYMENT_SUCCESS=0.8748
