ROUTE_PAYMENT_MES_AV=2621.6578
ROUTE_PAYMENT_MES_AV_SUCC=2051.0751000631985
ROUTE_PAYMENT_HOPS_AV=10.566800000000002
ROUTE_PAYMENT_HOPS_AV_SUCC=9.50505582473141
ROUTE_PAYMENT_SUCCESS_DIRECT=0.9494
ROUTE_PAYMENT_SUCCESS=0.9494
ROUTE_PAYMENT_FEE_AV=26.746969978235533
ROUTE_PAYMENT_FEE_MED=32.361374229534064
ROUTE_PAYMENT_FEE_Q1=8.372879837624225
ROUTE_PAYMENT_FEE_Q3=31.491895622990924
