ROUTE_PAYMENT_MES_AV=5.7879000000000005
ROUTE_PAYMENT_MES_AV_SUCC=4.6069640914036984
ROUTE_PAYMENT_HOPS_AV=31.759099999999986
ROUTE_PAYMENT_HOPS_AV_SUCC=25.46050054406964
ROUTE_PAYMENT_SUCCESS_DIRECT=0.919
ROUTE_PAYMENT_SUCCESS=0.919
