ROUTE_PAYMENT_MES_AV=6.136100000000002
ROUTE_PAYMENT_MES_AV_SUCC=4.9618610747051095
ROUTE_PAYMENT_HOPS_AV=23.239400000000007
ROUTE_PAYMENT_HOPS_AV_SUCC=22.38112712975097
ROUTE_PAYMENT_SUCCESS_DIRECT=0.763
ROUTE_PAYMENT_SUCCESS=0.763
