ROUTE_PAYMENT_MES_AV=5.239700000000001
ROUTE_PAYMENT_MES_AV_SUCC=4.572627220224473
ROUTE_PAYMENT_HOPS_AV=16.707100000000008
ROUTE_PAYMENT_HOPS_AV_SUCC=14.534815299117357
ROUTE_PAYMENT_SUCCESS_DIRECT=0.9177
ROUTE_PAYMENT_SUCCESS=0.9177
