ROUTE_PAYMENT_MES_AV=5.148000000000001
ROUTE_PAYMENT_MES_AV_SUCC=4.661944974121495
ROUTE_PAYMENT_HOPS_AV=11.323499999999996
ROUTE_PAYMENT_HOPS_AV_SUCC=13.087442113865423
ROUTE_PAYMENT_SUCCESS_DIRECT=0.7342
ROUTE_PAYMENT_SUCCESS=0.7342
