ROUTE_PAYMENT_MES_AV=7.361199999999998
ROUTE_PAYMENT_MES_AV_SUCC=5.994303585390373
ROUTE_PAYMENT_HOPS_AV=4.525300000000001
ROUTE_PAYMENT_HOPS_AV_SUCC=4.174243270412154
ROUTE_PAYMENT_SUCCESS_DIRECT=0.8953
ROUTE_PAYMENT_SUCCESS=0.8953
