ROUTE_PAYMENT_MES_AV=9.016800000000002
ROUTE_PAYMENT_MES_AV_SUCC=6.844757855439176
ROUTE_PAYMENT_HOPS_AV=5.100100000000002
ROUTE_PAYMENT_HOPS_AV_SUCC=4.428082546925232
ROUTE_PAYMENT_SUCCESS_DIRECT=0.9643
ROUTE_PAYMENT_SUCCESS=0.9643
