ROUTE_PAYMENT_MES_AV=13.6053
ROUTE_PAYMENT_MES_AV_SUCC=13.262048192771086
ROUTE_PAYMENT_HOPS_AV=6.1889
ROUTE_PAYMENT_HOPS_AV_SUCC=5.962672117039584
ROUTE_PAYMENT_SUCCESS_DIRECT=0.9296
ROUTE_PAYMENT_SUCCESS=0.9296
ROUTE_PAYMENT_FEE_AV=3.605760778894862
ROUTE_PAYMENT_FEE_MED=5.351715428794094
ROUTE_PAYMENT_FEE_Q1=1.7477168379717556
ROUTE_PAYMENT_FEE_Q3=4.110617246469602
