ROUTE_PAYMENT_MES_AV=8.300019999999998	8.300500000000003	7.700299999999998	8.883099999999999	0.1058899575999996	0.09989821459999962	0.1118817005999996	8.157403931284696	8.4426360687153
ROUTE_PAYMENT_MES_AV_SUCC=6.713963601907855	6.734102810729934	6.394821646849651	6.927305721605463	0.01943532354290741	0.021145404428653727	0.0177252426571611	6.652864199733025	6.775063004082685
ROUTE_PAYMENT_HOPS_AV=4.838125000000001	4.826899999999998	4.6568999999999985	5.094200000000001	0.013800850875000003	0.009906205625000098	0.019642818749999857	4.786638424700511	4.88961157529949
ROUTE_PAYMENT_HOPS_AV_SUCC=4.408651703283303	4.412058121882453	4.317571954122484	4.486023539302229	0.0026583572481798266	0.0025211787579814456	0.0027955357383782084	4.386054861463474	4.431248545103132
ROUTE_PAYMENT_SUCCESS_DIRECT=0.9351800000000001	0.9358	0.8999	0.9617	1.8290959999999983E-4	2.1747373333333585E-4	1.5462985454545226E-4	0.9292526670442771	0.9411073329557231
ROUTE_PAYMENT_SUCCESS=0.9351800000000001	0.9358	0.8999	0.9617	1.8290959999999983E-4	2.1747373333333585E-4	1.5462985454545226E-4	0.9292526670442771	0.9411073329557231
