ROUTE_PAYMENT_MES_AV=5.933699999999998
ROUTE_PAYMENT_MES_AV_SUCC=4.741611455439197
ROUTE_PAYMENT_HOPS_AV=5.569599999999998
ROUTE_PAYMENT_HOPS_AV_SUCC=4.617012182090191
ROUTE_PAYMENT_SUCCESS_DIRECT=0.9358
ROUTE_PAYMENT_SUCCESS=0.9358
