ROUTE_PAYMENT_MES_AV=6.3755
ROUTE_PAYMENT_MES_AV_SUCC=5.043641734926817
ROUTE_PAYMENT_HOPS_AV=22.9011
ROUTE_PAYMENT_HOPS_AV_SUCC=21.71021888008593
ROUTE_PAYMENT_SUCCESS_DIRECT=0.7447
ROUTE_PAYMENT_SUCCESS=0.7447
