ROUTE_PAYMENT_MES_AV=3.4642999999999993
ROUTE_PAYMENT_MES_AV_SUCC=3.668292682926829
ROUTE_PAYMENT_HOPS_AV=19.312799999999992
ROUTE_PAYMENT_HOPS_AV_SUCC=26.259756097560985
ROUTE_PAYMENT_SUCCESS_DIRECT=0.574
ROUTE_PAYMENT_SUCCESS=0.574
