ROUTE_PAYMENT_MES_AV=5.606299999999997
ROUTE_PAYMENT_MES_AV_SUCC=4.663712031131769
ROUTE_PAYMENT_HOPS_AV=33.992999999999974
ROUTE_PAYMENT_HOPS_AV_SUCC=28.315641552264616
ROUTE_PAYMENT_SUCCESS_DIRECT=0.9251
ROUTE_PAYMENT_SUCCESS=0.9251
