ROUTE_PAYMENT_MES_AV=7.919200000000002
ROUTE_PAYMENT_MES_AV_SUCC=6.547500541008436
ROUTE_PAYMENT_HOPS_AV=4.678699999999999
ROUTE_PAYMENT_HOPS_AV_SUCC=4.317571954122484
ROUTE_PAYMENT_SUCCESS_DIRECT=0.9242
ROUTE_PAYMENT_SUCCESS=0.9242
