ROUTE_PAYMENT_MES_AV=5.086399999999999
ROUTE_PAYMENT_MES_AV_SUCC=4.459617798856188
ROUTE_PAYMENT_HOPS_AV=3.7001999999999997
ROUTE_PAYMENT_HOPS_AV_SUCC=3.843074347886734
ROUTE_PAYMENT_SUCCESS_DIRECT=0.7169
ROUTE_PAYMENT_SUCCESS=0.7169
