ROUTE_PAYMENT_MES_AV=5.2033000000000005
ROUTE_PAYMENT_MES_AV_SUCC=4.556260251503552
ROUTE_PAYMENT_HOPS_AV=20.8226
ROUTE_PAYMENT_HOPS_AV_SUCC=18.2427556041553
ROUTE_PAYMENT_SUCCESS_DIRECT=0.9145
ROUTE_PAYMENT_SUCCESS=0.9145
