ROUTE_PAYMENT_MES_AV=5.341700000000002
ROUTE_PAYMENT_MES_AV_SUCC=4.6731451269683655
ROUTE_PAYMENT_HOPS_AV=3.836399999999999
ROUTE_PAYMENT_HOPS_AV_SUCC=4.005390835579514
ROUTE_PAYMENT_SUCCESS_DIRECT=0.7049
ROUTE_PAYMENT_SUCCESS=0.7049
