ROUTE_PAYMENT_MES_AV=5.309199999999996
ROUTE_PAYMENT_MES_AV_SUCC=4.595636126791143
ROUTE_PAYMENT_HOPS_AV=12.3548
ROUTE_PAYMENT_HOPS_AV_SUCC=10.742726877985241
ROUTE_PAYMENT_SUCCESS_DIRECT=0.9212
ROUTE_PAYMENT_SUCCESS=0.9212
