ROUTE_PAYMENT_MES_AV=5.4896
ROUTE_PAYMENT_MES_AV_SUCC=4.710601404741002
ROUTE_PAYMENT_HOPS_AV=14.261500000000016
ROUTE_PAYMENT_HOPS_AV_SUCC=12.288081650570678
ROUTE_PAYMENT_SUCCESS_DIRECT=0.9112
ROUTE_PAYMENT_SUCCESS=0.9112
