ROUTE_PAYMENT_MES_AV=5.8867
ROUTE_PAYMENT_MES_AV_SUCC=4.712333189840727
ROUTE_PAYMENT_HOPS_AV=5.5428
ROUTE_PAYMENT_HOPS_AV_SUCC=4.602991820921223
ROUTE_PAYMENT_SUCCESS_DIRECT=0.9292
ROUTE_PAYMENT_SUCCESS=0.9292
