ROUTE_PAYMENT_MES_AV=5.3942000000000005
ROUTE_PAYMENT_MES_AV_SUCC=4.615116152252157
ROUTE_PAYMENT_HOPS_AV=5.239099999999998
ROUTE_PAYMENT_HOPS_AV_SUCC=4.553822663322064
ROUTE_PAYMENT_SUCCESS_DIRECT=0.9169
ROUTE_PAYMENT_SUCCESS=0.9169
