ROUTE_PAYMENT_MES_AV=5.1652
ROUTE_PAYMENT_MES_AV_SUCC=4.486983154670751
ROUTE_PAYMENT_HOPS_AV=5.083000000000003
ROUTE_PAYMENT_HOPS_AV_SUCC=4.4764821702034565
ROUTE_PAYMENT_SUCCESS_DIRECT=0.9142
ROUTE_PAYMENT_SUCCESS=0.9142
