ROUTE_PAYMENT_MES_AV=5.5375000000000005
ROUTE_PAYMENT_MES_AV_SUCC=4.670151988789479
ROUTE_PAYMENT_HOPS_AV=9.519299999999996
ROUTE_PAYMENT_HOPS_AV_SUCC=8.096906327476555
ROUTE_PAYMENT_SUCCESS_DIRECT=0.9277
ROUTE_PAYMENT_SUCCESS=0.9277
