ROUTE_PAYMENT_MES_AV=63.86666666666667
ROUTE_PAYMENT_MES_AV_SUCC=42.666666666666664
ROUTE_PAYMENT_HOPS_AV=6.533333333333333
ROUTE_PAYMENT_HOPS_AV_SUCC=5.666666666666666
ROUTE_PAYMENT_SUCCESS_DIRECT=0.4
ROUTE_PAYMENT_SUCCESS=0.4
