ROUTE_PAYMENT_MES_AV=6.0882
ROUTE_PAYMENT_MES_AV_SUCC=4.745491847532665
ROUTE_PAYMENT_HOPS_AV=5.740500000000001
ROUTE_PAYMENT_HOPS_AV_SUCC=4.619695497246516
ROUTE_PAYMENT_SUCCESS_DIRECT=0.9261
ROUTE_PAYMENT_SUCCESS=0.9261
