ROUTE_PAYMENT_MES_AV=7.3950000000000005
ROUTE_PAYMENT_MES_AV_SUCC=5.946176272706885
ROUTE_PAYMENT_HOPS_AV=4.573600000000002
ROUTE_PAYMENT_HOPS_AV_SUCC=4.196456604619871
ROUTE_PAYMENT_SUCCESS_DIRECT=0.8918
ROUTE_PAYMENT_SUCCESS=0.8918
