ROUTE_PAYMENT_MES_AV=5.001699999999998
ROUTE_PAYMENT_MES_AV_SUCC=4.359313654209685
ROUTE_PAYMENT_HOPS_AV=3.6732000000000005
ROUTE_PAYMENT_HOPS_AV_SUCC=3.858950123600407
ROUTE_PAYMENT_SUCCESS_DIRECT=0.6877
ROUTE_PAYMENT_SUCCESS=0.6877
