ROUTE_PAYMENT_MES_AV=6.3264000000000005
ROUTE_PAYMENT_MES_AV_SUCC=5.56525981946816
ROUTE_PAYMENT_HOPS_AV=8.7822
ROUTE_PAYMENT_HOPS_AV_SUCC=9.28958282507929
ROUTE_PAYMENT_SUCCESS_DIRECT=0.8198
ROUTE_PAYMENT_SUCCESS=0.8198
