ROUTE_PAYMENT_MES_AV=7.175599999999999
ROUTE_PAYMENT_MES_AV_SUCC=6.335701981050819
ROUTE_PAYMENT_HOPS_AV=6.276599999999998
ROUTE_PAYMENT_HOPS_AV_SUCC=6.046080964685616
ROUTE_PAYMENT_SUCCESS_DIRECT=0.9288
ROUTE_PAYMENT_SUCCESS=0.9288
