ROUTE_PAYMENT_MES_AV=5.761700000000001
ROUTE_PAYMENT_MES_AV_SUCC=4.671648256443579
ROUTE_PAYMENT_HOPS_AV=5.4978000000000025
ROUTE_PAYMENT_HOPS_AV_SUCC=4.579272254710851
ROUTE_PAYMENT_SUCCESS_DIRECT=0.9234
ROUTE_PAYMENT_SUCCESS=0.9234
