ROUTE_PAYMENT_MES_AV=6.728599999999998
ROUTE_PAYMENT_MES_AV_SUCC=5.6125984251968495
ROUTE_PAYMENT_HOPS_AV=16.71880000000001
ROUTE_PAYMENT_HOPS_AV_SUCC=15.791641429436705
ROUTE_PAYMENT_SUCCESS_DIRECT=0.8255
ROUTE_PAYMENT_SUCCESS=0.8255
