ROUTE_PAYMENT_MES_AV=5.644899999999996
ROUTE_PAYMENT_MES_AV_SUCC=4.6843990880469
ROUTE_PAYMENT_HOPS_AV=5.4406
ROUTE_PAYMENT_HOPS_AV_SUCC=4.615351210509174
ROUTE_PAYMENT_SUCCESS_DIRECT=0.9211
ROUTE_PAYMENT_SUCCESS=0.9211
