ROUTE_PAYMENT_MES_AV=5.069799999999998
ROUTE_PAYMENT_MES_AV_SUCC=4.551754385964913
ROUTE_PAYMENT_HOPS_AV=5.010699999999999
ROUTE_PAYMENT_HOPS_AV_SUCC=4.546600877192984
ROUTE_PAYMENT_SUCCESS_DIRECT=0.912
ROUTE_PAYMENT_SUCCESS=0.912
