ROUTE_PAYMENT_MES_AV=4.155299999999999
ROUTE_PAYMENT_MES_AV_SUCC=4.044984899062152
ROUTE_PAYMENT_HOPS_AV=15.463999999999997
ROUTE_PAYMENT_HOPS_AV_SUCC=19.935622317596557
ROUTE_PAYMENT_SUCCESS_DIRECT=0.6291
ROUTE_PAYMENT_SUCCESS=0.6291
