ROUTE_PAYMENT_MES_AV=5.712200000000002
ROUTE_PAYMENT_MES_AV_SUCC=4.683893195521102
ROUTE_PAYMENT_HOPS_AV=5.431699999999999
ROUTE_PAYMENT_HOPS_AV_SUCC=4.582041343669251
ROUTE_PAYMENT_SUCCESS_DIRECT=0.9288
ROUTE_PAYMENT_SUCCESS=0.9288
