ROUTE_PAYMENT_MES_AV=5.755
ROUTE_PAYMENT_MES_AV_SUCC=4.598732273313275
ROUTE_PAYMENT_HOPS_AV=17.390000000000004
ROUTE_PAYMENT_HOPS_AV_SUCC=13.868500214868929
ROUTE_PAYMENT_SUCCESS_DIRECT=0.9308
ROUTE_PAYMENT_SUCCESS=0.9308
