ROUTE_PAYMENT_MES_AV=4.306
ROUTE_PAYMENT_MES_AV_SUCC=4.124960802759484
ROUTE_PAYMENT_HOPS_AV=14.583399999999994
ROUTE_PAYMENT_HOPS_AV_SUCC=18.584038883662586
ROUTE_PAYMENT_SUCCESS_DIRECT=0.6378
ROUTE_PAYMENT_SUCCESS=0.6378
