ROUTE_PAYMENT_MES_AV=5.850399999999999
ROUTE_PAYMENT_MES_AV_SUCC=4.746155512237386
ROUTE_PAYMENT_HOPS_AV=5.577600000000004
ROUTE_PAYMENT_HOPS_AV_SUCC=4.651180420186267
ROUTE_PAYMENT_SUCCESS_DIRECT=0.9234
ROUTE_PAYMENT_SUCCESS=0.9234
