ROUTE_PAYMENT_MES_AV=6.535000000000002
ROUTE_PAYMENT_MES_AV_SUCC=5.772538621166706
ROUTE_PAYMENT_HOPS_AV=4.2554
ROUTE_PAYMENT_HOPS_AV_SUCC=4.179963108139266
ROUTE_PAYMENT_SUCCESS_DIRECT=0.8674
ROUTE_PAYMENT_SUCCESS=0.8674
