ROUTE_PAYMENT_MES_AV=5.587599999999999
ROUTE_PAYMENT_MES_AV_SUCC=4.772237052856379
ROUTE_PAYMENT_HOPS_AV=5.375999999999999
ROUTE_PAYMENT_HOPS_AV_SUCC=4.668019220501867
ROUTE_PAYMENT_SUCCESS_DIRECT=0.9365
ROUTE_PAYMENT_SUCCESS=0.9365
