ROUTE_PAYMENT_MES_AV=5.232100000000001
ROUTE_PAYMENT_MES_AV_SUCC=4.503264417845484
ROUTE_PAYMENT_HOPS_AV=5.1075
ROUTE_PAYMENT_HOPS_AV_SUCC=4.476605005440697
ROUTE_PAYMENT_SUCCESS_DIRECT=0.919
ROUTE_PAYMENT_SUCCESS=0.919
