ROUTE_PAYMENT_MES_AV=6.573199999999996
ROUTE_PAYMENT_MES_AV_SUCC=5.2743831546311855
ROUTE_PAYMENT_HOPS_AV=4.2383
ROUTE_PAYMENT_HOPS_AV_SUCC=4.105283555096241
ROUTE_PAYMENT_SUCCESS_DIRECT=0.7741
ROUTE_PAYMENT_SUCCESS=0.7741
