ROUTE_PAYMENT_MES_AV=5.103100000000001
ROUTE_PAYMENT_MES_AV_SUCC=4.552614235500878
ROUTE_PAYMENT_HOPS_AV=36.349099999999986
ROUTE_PAYMENT_HOPS_AV_SUCC=31.824802284710007
ROUTE_PAYMENT_SUCCESS_DIRECT=0.9104
ROUTE_PAYMENT_SUCCESS=0.9104
