ROUTE_PAYMENT_MES_AV=5.680600000000004
ROUTE_PAYMENT_MES_AV_SUCC=4.6497254226337885
ROUTE_PAYMENT_HOPS_AV=5.381599999999999
ROUTE_PAYMENT_HOPS_AV_SUCC=4.5545386023473675
ROUTE_PAYMENT_SUCCESS_DIRECT=0.9287
ROUTE_PAYMENT_SUCCESS=0.9287
