ROUTE_PAYMENT_MES_AV=5.1419999999999995
ROUTE_PAYMENT_MES_AV_SUCC=4.5612516644474015
ROUTE_PAYMENT_HOPS_AV=5.083999999999999
ROUTE_PAYMENT_HOPS_AV_SUCC=4.560807811806479
ROUTE_PAYMENT_SUCCESS_DIRECT=0.9012
ROUTE_PAYMENT_SUCCESS=0.9012
