ROUTE_PAYMENT_MES_AV=5.935500000000003
ROUTE_PAYMENT_MES_AV_SUCC=4.700152041702864
ROUTE_PAYMENT_HOPS_AV=24.590899999999998
ROUTE_PAYMENT_HOPS_AV_SUCC=19.837749782797577
ROUTE_PAYMENT_SUCCESS_DIRECT=0.9208
ROUTE_PAYMENT_SUCCESS=0.9208
