SOURCE_ROUTING_MES_AV=4.2356799999999994
SOURCE_ROUTING_MES_AV_SUCC=4.366838049190188
SOURCE_ROUTING_HOPS_AV=4.2356799999999994
SOURCE_ROUTING_HOPS_AV_SUCC=4.366838049190188
SOURCE_ROUTING_SUCCESS_DIRECT=0.88107
SOURCE_ROUTING_SUCCESS=0.88107
SOURCE_ROUTING_FEE_AV=-1.0
SOURCE_ROUTING_FEE_MED=-1.0
SOURCE_ROUTING_FEE_Q1=-1.0
SOURCE_ROUTING_FEE_Q3=-1.0
