ROUTE_PAYMENT_MES_AV=5.157300000000002
ROUTE_PAYMENT_MES_AV_SUCC=4.49054098904746
ROUTE_PAYMENT_HOPS_AV=5.041100000000001
ROUTE_PAYMENT_HOPS_AV_SUCC=4.463325589113839
ROUTE_PAYMENT_SUCCESS_DIRECT=0.9039
ROUTE_PAYMENT_SUCCESS=0.9039
