ROUTE_PAYMENT_MES_AV=7.878299999999998
ROUTE_PAYMENT_MES_AV_SUCC=6.612336209651645
ROUTE_PAYMENT_HOPS_AV=4.723099999999999
ROUTE_PAYMENT_HOPS_AV_SUCC=4.369234047086397
ROUTE_PAYMENT_SUCCESS_DIRECT=0.9387
ROUTE_PAYMENT_SUCCESS=0.9387
