ROUTE_PAYMENT_MES_AV=5.782399999999996
ROUTE_PAYMENT_MES_AV_SUCC=4.793925783338681
ROUTE_PAYMENT_HOPS_AV=5.472900000000002
ROUTE_PAYMENT_HOPS_AV_SUCC=4.6593947171425505
ROUTE_PAYMENT_SUCCESS_DIRECT=0.9351
ROUTE_PAYMENT_SUCCESS=0.9351
