ROUTE_PAYMENT_MES_AV=4.582
ROUTE_PAYMENT_MES_AV_SUCC=4.289938150550611
ROUTE_PAYMENT_HOPS_AV=13.043900000000002
ROUTE_PAYMENT_HOPS_AV_SUCC=15.951274702066678
ROUTE_PAYMENT_SUCCESS_DIRECT=0.6629
ROUTE_PAYMENT_SUCCESS=0.6629
