ROUTE_PAYMENT_MES_AV=5.222700000000005
ROUTE_PAYMENT_MES_AV_SUCC=4.52801320858558
ROUTE_PAYMENT_HOPS_AV=17.166999999999998
ROUTE_PAYMENT_HOPS_AV_SUCC=14.460099064391853
ROUTE_PAYMENT_SUCCESS_DIRECT=0.9085
ROUTE_PAYMENT_SUCCESS=0.9085
