ROUTE_PAYMENT_MES_AV=5.195899999999999
ROUTE_PAYMENT_MES_AV_SUCC=4.462065157371619
ROUTE_PAYMENT_HOPS_AV=5.1258
ROUTE_PAYMENT_HOPS_AV_SUCC=4.458641634456103
ROUTE_PAYMENT_SUCCESS_DIRECT=0.9055
ROUTE_PAYMENT_SUCCESS=0.9055
