ROUTE_PAYMENT_MES_AV=6.551299999999999
ROUTE_PAYMENT_MES_AV_SUCC=5.689720963510616
ROUTE_PAYMENT_HOPS_AV=4.2506
ROUTE_PAYMENT_HOPS_AV_SUCC=4.1576436918674
ROUTE_PAYMENT_SUCCESS_DIRECT=0.8386
ROUTE_PAYMENT_SUCCESS=0.8386
