ROUTE_PAYMENT_MES_AV=6.6221000000000005
ROUTE_PAYMENT_MES_AV_SUCC=5.52594310828959
ROUTE_PAYMENT_HOPS_AV=16.382899999999996
ROUTE_PAYMENT_HOPS_AV_SUCC=15.733487974606282
ROUTE_PAYMENT_SUCCESS_DIRECT=0.8191
ROUTE_PAYMENT_SUCCESS=0.8191
