ROUTE_PAYMENT_MES_AV=5.808799999999999
ROUTE_PAYMENT_MES_AV_SUCC=4.650047836717339
ROUTE_PAYMENT_HOPS_AV=5.492899999999996
ROUTE_PAYMENT_HOPS_AV_SUCC=4.538428829594983
ROUTE_PAYMENT_SUCCESS_DIRECT=0.9407
ROUTE_PAYMENT_SUCCESS=0.9407
