ROUTE_PAYMENT_MES_AV=5.601999999999999
ROUTE_PAYMENT_MES_AV_SUCC=4.676397982183107
ROUTE_PAYMENT_HOPS_AV=5.340100000000001
ROUTE_PAYMENT_HOPS_AV_SUCC=4.548137812600621
ROUTE_PAYMENT_SUCCESS_DIRECT=0.9317
ROUTE_PAYMENT_SUCCESS=0.9317
