ROUTE_PAYMENT_MES_AV=4.512900000000002
ROUTE_PAYMENT_MES_AV_SUCC=4.225029377203292
ROUTE_PAYMENT_HOPS_AV=12.5384
ROUTE_PAYMENT_HOPS_AV_SUCC=15.094007050528793
ROUTE_PAYMENT_SUCCESS_DIRECT=0.6808
ROUTE_PAYMENT_SUCCESS=0.6808
