ROUTE_PAYMENT_MES_AV=5.942100000000002
ROUTE_PAYMENT_MES_AV_SUCC=4.79753615425817
ROUTE_PAYMENT_HOPS_AV=5.650400000000002
ROUTE_PAYMENT_HOPS_AV_SUCC=4.68430637386181
ROUTE_PAYMENT_SUCCESS_DIRECT=0.9335
ROUTE_PAYMENT_SUCCESS=0.9335
