ROUTE_PAYMENT_MES_AV=5.869199999999998
ROUTE_PAYMENT_MES_AV_SUCC=4.791725485937671
ROUTE_PAYMENT_HOPS_AV=37.168300000000016
ROUTE_PAYMENT_HOPS_AV_SUCC=30.33966771636441
ROUTE_PAYMENT_SUCCESS_DIRECT=0.9209
ROUTE_PAYMENT_SUCCESS=0.9209
