ROUTE_PAYMENT_MES_AV=5.14887	5.134499999999999	4.882999999999999	5.467700000000001	0.033277564100000115	0.02966188962727279	0.03769672178888906	5.068920300111082	5.228819699888917
ROUTE_PAYMENT_MES_AV_SUCC=4.688078933576369	4.670800606311149	4.478068926231844	4.921708185053379	0.020195335224085918	0.017488719192467365	0.023503421484953047	4.625796351823182	4.750361515329556
ROUTE_PAYMENT_HOPS_AV=11.433379999999998	11.388099999999996	10.3673	12.673099999999998	0.5158911135999986	0.40550104606666354	0.6814762149000014	11.118590601988744	11.748169398011251
ROUTE_PAYMENT_HOPS_AV_SUCC=13.257398404677085	13.21675623535896	11.608277316462365	15.344433035059408	1.357506936830806	1.1410435984335368	1.6220732393163575	12.746761613575561	13.768035195778609
ROUTE_PAYMENT_SUCCESS_DIRECT=0.72786	0.7257	0.6817	0.7643	5.844643999999998E-4	5.383452363636348E-4	6.408322666666683E-4	0.7172645329526254	0.7384554670473745
ROUTE_PAYMENT_SUCCESS=0.72786	0.7257	0.6817	0.7643	5.844643999999998E-4	5.383452363636348E-4	6.408322666666683E-4	0.7172645329526254	0.7384554670473745
