ROUTE_PAYMENT_MES_AV=45.68349999999999
ROUTE_PAYMENT_MES_AV_SUCC=45.14466583644668
ROUTE_PAYMENT_HOPS_AV=12.313500000000005
ROUTE_PAYMENT_HOPS_AV_SUCC=12.110626816106269
ROUTE_PAYMENT_SUCCESS_DIRECT=0.9636
ROUTE_PAYMENT_SUCCESS=0.9636
ROUTE_PAYMENT_FEE_AV=2.6782129746679844
ROUTE_PAYMENT_FEE_MED=4.49500623002812
ROUTE_PAYMENT_FEE_Q1=1.9154419284356117
ROUTE_PAYMENT_FEE_Q3=3.0880235364367254
