ROUTE_PAYMENT_MES_AV=5.968200000000004
ROUTE_PAYMENT_MES_AV_SUCC=4.756171176026732
ROUTE_PAYMENT_HOPS_AV=5.661799999999997
ROUTE_PAYMENT_HOPS_AV_SUCC=4.645359491214833
ROUTE_PAYMENT_SUCCESS_DIRECT=0.9277
ROUTE_PAYMENT_SUCCESS=0.9277
