ROUTE_PAYMENT_MES_AV=7.106529999999999	7.1453000000000015	6.584999999999998	7.537200000000004	0.05537301510000033	0.06778637912222252	0.045216626354545805	7.003398779022024	7.209661220977975
ROUTE_PAYMENT_MES_AV_SUCC=5.849440537884374	5.835214446952597	5.491668679063025	6.209154769997732	0.03896619343977505	0.034226157682091765	0.044759570476943504	5.762926802351154	5.935954273417594
ROUTE_PAYMENT_HOPS_AV=13.459455000000005	13.718500000000002	11.327800000000002	15.003999999999994	0.7897199144750009	0.8281209305250077	0.7513188984249937	13.069981764498054	13.848928235501957
ROUTE_PAYMENT_HOPS_AV_SUCC=12.492879518322306	12.627266305627504	10.59177745503296	14.153706834098037	0.8761492247204468	0.8804423844385804	0.8718560650023134	12.082646970754096	12.903112065890516
ROUTE_PAYMENT_SUCCESS_DIRECT=0.85215	0.8533	0.8282	0.8951	2.954344999999999E-4	2.7598249999999836E-4	3.1134977272727403E-4	0.844616935632825	0.8596830643671749
ROUTE_PAYMENT_SUCCESS=0.85215	0.8533	0.8282	0.8951	2.954344999999999E-4	2.7598249999999836E-4	3.1134977272727403E-4	0.844616935632825	0.8596830643671749
