ROUTE_PAYMENT_MES_AV=4.4218
ROUTE_PAYMENT_MES_AV_SUCC=4.178806931452232
ROUTE_PAYMENT_HOPS_AV=13.508899999999993
ROUTE_PAYMENT_HOPS_AV_SUCC=16.893881306548074
ROUTE_PAYMENT_SUCCESS_DIRECT=0.6521
ROUTE_PAYMENT_SUCCESS=0.6521
