ROUTE_PAYMENT_MES_AV=5.799599999999999
ROUTE_PAYMENT_MES_AV_SUCC=4.67283149470041
ROUTE_PAYMENT_HOPS_AV=18.328100000000013
ROUTE_PAYMENT_HOPS_AV_SUCC=14.77298291152931
ROUTE_PAYMENT_SUCCESS_DIRECT=0.9246
ROUTE_PAYMENT_SUCCESS=0.9246
