ROUTE_PAYMENT_MES_AV=5.2239999999999975
ROUTE_PAYMENT_MES_AV_SUCC=4.584283342556724
ROUTE_PAYMENT_HOPS_AV=36.846700000000006
ROUTE_PAYMENT_HOPS_AV_SUCC=31.654454897620376
ROUTE_PAYMENT_SUCCESS_DIRECT=0.9035
ROUTE_PAYMENT_SUCCESS=0.9035
