ROUTE_PAYMENT_MES_AV=6.828599999999995
ROUTE_PAYMENT_MES_AV_SUCC=6.159838744824579
ROUTE_PAYMENT_HOPS_AV=6.944599999999998
ROUTE_PAYMENT_HOPS_AV_SUCC=6.865983874482457
ROUTE_PAYMENT_SUCCESS_DIRECT=0.9178
ROUTE_PAYMENT_SUCCESS=0.9178
