ROUTE_PAYMENT_MES_AV=6.132299999999998
ROUTE_PAYMENT_MES_AV_SUCC=4.918653576437584
ROUTE_PAYMENT_HOPS_AV=9.137100000000002
ROUTE_PAYMENT_HOPS_AV_SUCC=7.390225482792104
ROUTE_PAYMENT_SUCCESS_DIRECT=0.9269
ROUTE_PAYMENT_SUCCESS=0.9269
