ROUTE_PAYMENT_MES_AV=6.070399999999997
ROUTE_PAYMENT_MES_AV_SUCC=4.871214570535617
ROUTE_PAYMENT_HOPS_AV=5.757999999999997
ROUTE_PAYMENT_HOPS_AV_SUCC=4.752775083521929
ROUTE_PAYMENT_SUCCESS_DIRECT=0.9279
ROUTE_PAYMENT_SUCCESS=0.9279
