ROUTE_PAYMENT_MES_AV=7.2474000000000025
ROUTE_PAYMENT_MES_AV_SUCC=5.9527567933250625
ROUTE_PAYMENT_HOPS_AV=4.515899999999997
ROUTE_PAYMENT_HOPS_AV_SUCC=4.2082534671327085
ROUTE_PAYMENT_SUCCESS_DIRECT=0.8869
ROUTE_PAYMENT_SUCCESS=0.8869
