ROUTE_PAYMENT_MES_AV=6.634299999999999
ROUTE_PAYMENT_MES_AV_SUCC=5.288203086112496
ROUTE_PAYMENT_HOPS_AV=4.2528999999999995
ROUTE_PAYMENT_HOPS_AV_SUCC=4.057117969138874
ROUTE_PAYMENT_SUCCESS_DIRECT=0.8036
ROUTE_PAYMENT_SUCCESS=0.8036
