ROUTE_PAYMENT_MES_AV=5.591099999999999
ROUTE_PAYMENT_MES_AV_SUCC=4.850994669093744
ROUTE_PAYMENT_HOPS_AV=3.9117
ROUTE_PAYMENT_HOPS_AV_SUCC=3.9555324405148875
ROUTE_PAYMENT_SUCCESS_DIRECT=0.7691
ROUTE_PAYMENT_SUCCESS=0.7691
