ROUTE_PAYMENT_MES_AV=5.897000000000001
ROUTE_PAYMENT_MES_AV_SUCC=4.6831873531296715
ROUTE_PAYMENT_HOPS_AV=5.574900000000001
ROUTE_PAYMENT_HOPS_AV_SUCC=4.582995086519971
ROUTE_PAYMENT_SUCCESS_DIRECT=0.9362
ROUTE_PAYMENT_SUCCESS=0.9362
