ROUTE_PAYMENT_MES_AV=5.706299999999999
ROUTE_PAYMENT_MES_AV_SUCC=4.730350404312666
ROUTE_PAYMENT_HOPS_AV=5.466999999999999
ROUTE_PAYMENT_HOPS_AV_SUCC=4.63654986522911
ROUTE_PAYMENT_SUCCESS_DIRECT=0.9275
ROUTE_PAYMENT_SUCCESS=0.9275
