ROUTE_PAYMENT_MES_AV=22.873300000000004
ROUTE_PAYMENT_MES_AV_SUCC=22.6265809662036
ROUTE_PAYMENT_HOPS_AV=4.535800000000001
ROUTE_PAYMENT_HOPS_AV_SUCC=4.485900891561269
ROUTE_PAYMENT_SUCCESS_DIRECT=0.9646
ROUTE_PAYMENT_SUCCESS=0.9646
ROUTE_PAYMENT_FEE_AV=26.004117653122794
ROUTE_PAYMENT_FEE_MED=30.938752508840313
ROUTE_PAYMENT_FEE_Q1=7.976065352907488
ROUTE_PAYMENT_FEE_Q3=30.040286000909916
