ROUTE_PAYMENT_MES_AV=9.010799999999996
ROUTE_PAYMENT_MES_AV_SUCC=6.9827462257368795
ROUTE_PAYMENT_HOPS_AV=4.955499999999999
ROUTE_PAYMENT_HOPS_AV_SUCC=4.411317654308309
ROUTE_PAYMENT_SUCCESS_DIRECT=0.9737
ROUTE_PAYMENT_SUCCESS=0.9737
