ROUTE_PAYMENT_MES_AV=5.748999999999998
ROUTE_PAYMENT_MES_AV_SUCC=4.77775382625566
ROUTE_PAYMENT_HOPS_AV=17.778899999999982
ROUTE_PAYMENT_HOPS_AV_SUCC=14.332183660271612
ROUTE_PAYMENT_SUCCESS_DIRECT=0.9278
ROUTE_PAYMENT_SUCCESS=0.9278
