ROUTE_PAYMENT_MES_AV=7.275699999999999
ROUTE_PAYMENT_MES_AV_SUCC=6.311729753521127
ROUTE_PAYMENT_HOPS_AV=4.5698
ROUTE_PAYMENT_HOPS_AV_SUCC=4.350902288732395
ROUTE_PAYMENT_SUCCESS_DIRECT=0.9088
ROUTE_PAYMENT_SUCCESS=0.9088
