ROUTE_PAYMENT_MES_AV=6.421999999999997
ROUTE_PAYMENT_MES_AV_SUCC=5.065234580917236
ROUTE_PAYMENT_HOPS_AV=4.145600000000001
ROUTE_PAYMENT_HOPS_AV_SUCC=4.0044807590933065
ROUTE_PAYMENT_SUCCESS_DIRECT=0.7588
ROUTE_PAYMENT_SUCCESS=0.7588
