ROUTE_PAYMENT_MES_AV=5.613175	5.628899999999999	5.326400000000003	5.812100000000003	0.01691998887499999	0.02457276624999977	0.01181813729166681	5.5561663036185704	5.67018369638143
ROUTE_PAYMENT_MES_AV_SUCC=4.702305468722351	4.71598968407479	4.555341055341054	4.819506966773847	0.007130394940339728	0.008117082139517675	0.00614370774116178	4.665297276924582	4.73931366052012
ROUTE_PAYMENT_HOPS_AV=5.393254999999999	5.430499999999996	5.1302	5.587700000000002	0.01354632147499998	0.02014162914999979	0.009149449691666775	5.3422454182636425	5.4442645817363555
ROUTE_PAYMENT_HOPS_AV_SUCC=4.617034938108382	4.629528886954632	4.476561654216736	4.718023255813954	0.00598720945489893	0.007572249882236896	0.0046903581961678644	4.583122946245665	4.6509469299710995
ROUTE_PAYMENT_SUCCESS_DIRECT=0.9289400000000001	0.9296	0.9191	0.937	1.821540000000009E-5	1.945160000000069E-5	1.6979199999999493E-5	0.9270694882967488	0.9308105117032514
ROUTE_PAYMENT_SUCCESS=0.9289400000000001	0.9296	0.9191	0.937	1.821540000000009E-5	1.945160000000069E-5	1.6979199999999493E-5	0.9270694882967488	0.9308105117032514
