ROUTE_PAYMENT_MES_AV=8.432399999999996
ROUTE_PAYMENT_MES_AV_SUCC=7.0368392952482655
ROUTE_PAYMENT_HOPS_AV=4.9128000000000025
ROUTE_PAYMENT_HOPS_AV_SUCC=4.537213027229044
ROUTE_PAYMENT_SUCCESS_DIRECT=0.9365
ROUTE_PAYMENT_SUCCESS=0.9365
