ROUTE_PAYMENT_MES_AV=5.573700000000003
ROUTE_PAYMENT_MES_AV_SUCC=4.711147186147186
ROUTE_PAYMENT_HOPS_AV=38.663999999999994
ROUTE_PAYMENT_HOPS_AV_SUCC=32.48116883116885
ROUTE_PAYMENT_SUCCESS_DIRECT=0.924
ROUTE_PAYMENT_SUCCESS=0.924
