ROUTE_PAYMENT_MES_AV=5.2139
ROUTE_PAYMENT_MES_AV_SUCC=4.532898374433264
ROUTE_PAYMENT_HOPS_AV=5.156500000000002
ROUTE_PAYMENT_HOPS_AV_SUCC=4.532677208890855
ROUTE_PAYMENT_SUCCESS_DIRECT=0.9043
ROUTE_PAYMENT_SUCCESS=0.9043
