ROUTE_PAYMENT_MES_AV=3.4885000000000006
ROUTE_PAYMENT_MES_AV_SUCC=3.7112650382792562
ROUTE_PAYMENT_HOPS_AV=19.04749999999999
ROUTE_PAYMENT_HOPS_AV_SUCC=26.557965730951505
ROUTE_PAYMENT_SUCCESS_DIRECT=0.5486
ROUTE_PAYMENT_SUCCESS=0.5486
