ROUTE_PAYMENT_MES_AV=5.766
ROUTE_PAYMENT_MES_AV_SUCC=4.711034034251029
ROUTE_PAYMENT_HOPS_AV=5.479599999999999
ROUTE_PAYMENT_HOPS_AV_SUCC=4.598092347712986
ROUTE_PAYMENT_SUCCESS_DIRECT=0.9226
ROUTE_PAYMENT_SUCCESS=0.9226
