ROUTE_PAYMENT_MES_AV=9.113200000000008
ROUTE_PAYMENT_MES_AV_SUCC=7.043259350595976
ROUTE_PAYMENT_HOPS_AV=4.9776
ROUTE_PAYMENT_HOPS_AV_SUCC=4.459823263460748
ROUTE_PAYMENT_SUCCESS_DIRECT=0.9732
ROUTE_PAYMENT_SUCCESS=0.9732
