ROUTE_PAYMENT_MES_AV=5.662099999999999
ROUTE_PAYMENT_MES_AV_SUCC=4.689903846153849
ROUTE_PAYMENT_HOPS_AV=43.67990000000004
ROUTE_PAYMENT_HOPS_AV_SUCC=35.56129807692311
ROUTE_PAYMENT_SUCCESS_DIRECT=0.9152
ROUTE_PAYMENT_SUCCESS=0.9152
