ROUTE_PAYMENT_MES_AV=4.873499999999999
ROUTE_PAYMENT_MES_AV_SUCC=4.283501278387726
ROUTE_PAYMENT_HOPS_AV=3.5931999999999995
ROUTE_PAYMENT_HOPS_AV_SUCC=3.827342457512409
ROUTE_PAYMENT_SUCCESS_DIRECT=0.6649
ROUTE_PAYMENT_SUCCESS=0.6649
