ROUTE_PAYMENT_MES_AV=5.518899999999998
ROUTE_PAYMENT_MES_AV_SUCC=4.722966455899689
ROUTE_PAYMENT_HOPS_AV=8.515699999999995
ROUTE_PAYMENT_HOPS_AV_SUCC=7.249490944164609
ROUTE_PAYMENT_SUCCESS_DIRECT=0.9331
ROUTE_PAYMENT_SUCCESS=0.9331
