ROUTE_PAYMENT_MES_AV=4.9807000000000015
ROUTE_PAYMENT_MES_AV_SUCC=4.397571201387883
ROUTE_PAYMENT_HOPS_AV=3.6398999999999995
ROUTE_PAYMENT_HOPS_AV_SUCC=3.8375018071418245
ROUTE_PAYMENT_SUCCESS_DIRECT=0.6917
ROUTE_PAYMENT_SUCCESS=0.6917
