ROUTE_PAYMENT_MES_AV=7.907399999999999
ROUTE_PAYMENT_MES_AV_SUCC=6.300132655317266
ROUTE_PAYMENT_HOPS_AV=10.365300000000005
ROUTE_PAYMENT_HOPS_AV_SUCC=8.969047092637625
ROUTE_PAYMENT_SUCCESS_DIRECT=0.9046
ROUTE_PAYMENT_SUCCESS=0.9046
