ROUTE_PAYMENT_MES_AV=5.378300000000003
ROUTE_PAYMENT_MES_AV_SUCC=4.642755759362373
ROUTE_PAYMENT_HOPS_AV=5.252600000000004
ROUTE_PAYMENT_HOPS_AV_SUCC=4.609673545146848
ROUTE_PAYMENT_SUCCESS_DIRECT=0.9159
ROUTE_PAYMENT_SUCCESS=0.9159
