ROUTE_PAYMENT_MES_AV=5.829100000000004
ROUTE_PAYMENT_MES_AV_SUCC=4.681089226132815
ROUTE_PAYMENT_HOPS_AV=5.509299999999994
ROUTE_PAYMENT_HOPS_AV_SUCC=4.552577763426969
ROUTE_PAYMENT_SUCCESS_DIRECT=0.9291
ROUTE_PAYMENT_SUCCESS=0.9291
