ROUTE_PAYMENT_MES_AV=5.948100000000004
ROUTE_PAYMENT_MES_AV_SUCC=4.7980189491817375
ROUTE_PAYMENT_HOPS_AV=13.439600000000011
ROUTE_PAYMENT_HOPS_AV_SUCC=10.736218776916452
ROUTE_PAYMENT_SUCCESS_DIRECT=0.9288
ROUTE_PAYMENT_SUCCESS=0.9288
