ROUTE_PAYMENT_MES_AV=5.731200000000003
ROUTE_PAYMENT_MES_AV_SUCC=4.628670120898099
ROUTE_PAYMENT_HOPS_AV=27.540799999999994
ROUTE_PAYMENT_HOPS_AV_SUCC=22.36517702936097
ROUTE_PAYMENT_SUCCESS_DIRECT=0.9264
ROUTE_PAYMENT_SUCCESS=0.9264
