ROUTE_PAYMENT_MES_AV=5.3927999999999985
ROUTE_PAYMENT_MES_AV_SUCC=4.701242100675528
ROUTE_PAYMENT_HOPS_AV=5.2716
ROUTE_PAYMENT_HOPS_AV_SUCC=4.671170189583789
ROUTE_PAYMENT_SUCCESS_DIRECT=0.9178
ROUTE_PAYMENT_SUCCESS=0.9178
