ROUTE_PAYMENT_MES_AV=33.142199999999995
ROUTE_PAYMENT_MES_AV_SUCC=33.12274005624748
ROUTE_PAYMENT_HOPS_AV=4.252599999999999
ROUTE_PAYMENT_HOPS_AV_SUCC=4.249698674166331
ROUTE_PAYMENT_SUCCESS_DIRECT=0.9956
ROUTE_PAYMENT_SUCCESS=0.9956
ROUTE_PAYMENT_FEE_AV=2.4879274532205202
ROUTE_PAYMENT_FEE_MED=4.022311652142523
ROUTE_PAYMENT_FEE_Q1=1.9820776619038551
ROUTE_PAYMENT_FEE_Q3=2.9965366116343986
