ROUTE_PAYMENT_MES_AV=5.7034
ROUTE_PAYMENT_MES_AV_SUCC=4.748695084819485
ROUTE_PAYMENT_HOPS_AV=23.613200000000006
ROUTE_PAYMENT_HOPS_AV_SUCC=19.17290126141799
ROUTE_PAYMENT_SUCCESS_DIRECT=0.9196
ROUTE_PAYMENT_SUCCESS=0.9196
