ROUTE_PAYMENT_MES_AV=7.579499999999999
ROUTE_PAYMENT_MES_AV_SUCC=6.632408506963189
ROUTE_PAYMENT_HOPS_AV=7.845499999999994
ROUTE_PAYMENT_HOPS_AV_SUCC=7.372557486775344
ROUTE_PAYMENT_SUCCESS_DIRECT=0.9263
ROUTE_PAYMENT_SUCCESS=0.9263
