ROUTE_PAYMENT_MES_AV=6.467299999999998
ROUTE_PAYMENT_MES_AV_SUCC=5.019545694664554
ROUTE_PAYMENT_HOPS_AV=4.188
ROUTE_PAYMENT_HOPS_AV_SUCC=4.01743264659271
ROUTE_PAYMENT_SUCCESS_DIRECT=0.7572
ROUTE_PAYMENT_SUCCESS=0.7572
