ROUTE_PAYMENT_MES_AV=5.100400000000001
ROUTE_PAYMENT_MES_AV_SUCC=4.5261928595261915
ROUTE_PAYMENT_HOPS_AV=39.92609999999996
ROUTE_PAYMENT_HOPS_AV_SUCC=34.643421198976796
ROUTE_PAYMENT_SUCCESS_DIRECT=0.8991
ROUTE_PAYMENT_SUCCESS=0.8991
