ROUTE_PAYMENT_MES_AV=5.230500000000001
ROUTE_PAYMENT_MES_AV_SUCC=4.568329479132252
ROUTE_PAYMENT_HOPS_AV=38.2116
ROUTE_PAYMENT_HOPS_AV_SUCC=32.87886796608302
ROUTE_PAYMENT_SUCCESS_DIRECT=0.9081
ROUTE_PAYMENT_SUCCESS=0.9081
