ROUTE_PAYMENT_MES_AV=46.81879999999995
ROUTE_PAYMENT_MES_AV_SUCC=46.33659552316499
ROUTE_PAYMENT_HOPS_AV=12.619900000000003
ROUTE_PAYMENT_HOPS_AV_SUCC=12.449141072358143
ROUTE_PAYMENT_SUCCESS_DIRECT=0.9605
ROUTE_PAYMENT_SUCCESS=0.9605
ROUTE_PAYMENT_FEE_AV=2.7295582134462686
ROUTE_PAYMENT_FEE_MED=2.359794865901777
ROUTE_PAYMENT_FEE_Q1=1.922031093122246
ROUTE_PAYMENT_FEE_Q3=3.1304326490231373
