ROUTE_PAYMENT_MES_AV=5.136099999999999
ROUTE_PAYMENT_MES_AV_SUCC=4.531154684095858
ROUTE_PAYMENT_HOPS_AV=18.494800000000005
ROUTE_PAYMENT_HOPS_AV_SUCC=16.449999999999992
ROUTE_PAYMENT_SUCCESS_DIRECT=0.918
ROUTE_PAYMENT_SUCCESS=0.918
