ROUTE_PAYMENT_MES_AV=6.381199999999999
ROUTE_PAYMENT_MES_AV_SUCC=5.0168613913967075
ROUTE_PAYMENT_HOPS_AV=4.137300000000001
ROUTE_PAYMENT_HOPS_AV_SUCC=3.9897769516728627
ROUTE_PAYMENT_SUCCESS_DIRECT=0.7532
ROUTE_PAYMENT_SUCCESS=0.7532
