ROUTE_PAYMENT_MES_AV=4.3077
ROUTE_PAYMENT_MES_AV_SUCC=4.065345308144935
ROUTE_PAYMENT_HOPS_AV=14.249999999999995
ROUTE_PAYMENT_HOPS_AV_SUCC=17.762310312790326
ROUTE_PAYMENT_SUCCESS_DIRECT=0.6458
ROUTE_PAYMENT_SUCCESS=0.6458
