ROUTE_PAYMENT_MES_AV=5.275599999999997
ROUTE_PAYMENT_MES_AV_SUCC=4.64995631280035
ROUTE_PAYMENT_HOPS_AV=17.388999999999985
ROUTE_PAYMENT_HOPS_AV_SUCC=15.233289646133677
ROUTE_PAYMENT_SUCCESS_DIRECT=0.9156
ROUTE_PAYMENT_SUCCESS=0.9156
