ROUTE_PAYMENT_MES_AV=5.685900000000002
ROUTE_PAYMENT_MES_AV_SUCC=4.491012031139423
ROUTE_PAYMENT_HOPS_AV=29.081300000000013
ROUTE_PAYMENT_HOPS_AV_SUCC=28.590516631280973
ROUTE_PAYMENT_SUCCESS_DIRECT=0.7065
ROUTE_PAYMENT_SUCCESS=0.7065
