ROUTE_PAYMENT_MES_AV=5.081600000000002
ROUTE_PAYMENT_MES_AV_SUCC=4.48649830545534
ROUTE_PAYMENT_HOPS_AV=30.611900000000013
ROUTE_PAYMENT_HOPS_AV_SUCC=26.81491199300316
ROUTE_PAYMENT_SUCCESS_DIRECT=0.9147
ROUTE_PAYMENT_SUCCESS=0.9147
