ROUTE_PAYMENT_MES_AV=5.975400000000003
ROUTE_PAYMENT_MES_AV_SUCC=4.752123659657429
ROUTE_PAYMENT_HOPS_AV=27.689999999999987
ROUTE_PAYMENT_HOPS_AV_SUCC=27.049993037181466
ROUTE_PAYMENT_SUCCESS_DIRECT=0.7181
ROUTE_PAYMENT_SUCCESS=0.7181
