ROUTE_PAYMENT_MES_AV=6.076999999999999
ROUTE_PAYMENT_MES_AV_SUCC=4.960119747674544
ROUTE_PAYMENT_HOPS_AV=5.729999999999999
ROUTE_PAYMENT_HOPS_AV_SUCC=4.815353362557469
ROUTE_PAYMENT_SUCCESS_DIRECT=0.9353
ROUTE_PAYMENT_SUCCESS=0.9353
