ROUTE_PAYMENT_MES_AV=4.205399999999999
ROUTE_PAYMENT_MES_AV_SUCC=3.772616136919315
ROUTE_PAYMENT_HOPS_AV=3.2707000000000006
ROUTE_PAYMENT_HOPS_AV_SUCC=3.657701711491443
ROUTE_PAYMENT_SUCCESS_DIRECT=0.5726
ROUTE_PAYMENT_SUCCESS=0.5726
