ROUTE_PAYMENT_MES_AV=5.924
ROUTE_PAYMENT_MES_AV_SUCC=4.632311977715878
ROUTE_PAYMENT_HOPS_AV=27.90340000000001
ROUTE_PAYMENT_HOPS_AV_SUCC=26.88537604456826
ROUTE_PAYMENT_SUCCESS_DIRECT=0.718
ROUTE_PAYMENT_SUCCESS=0.718
