ROUTE_PAYMENT_MES_AV=5.1789000000000005
ROUTE_PAYMENT_MES_AV_SUCC=4.547376409366872
ROUTE_PAYMENT_HOPS_AV=5.064500000000002
ROUTE_PAYMENT_HOPS_AV_SUCC=4.518213356461405
ROUTE_PAYMENT_SUCCESS_DIRECT=0.9224
ROUTE_PAYMENT_SUCCESS=0.9224
