ROUTE_PAYMENT_MES_AV=146.41340000000002
ROUTE_PAYMENT_MES_AV_SUCC=73.58666522584826
ROUTE_PAYMENT_HOPS_AV=5.3535
ROUTE_PAYMENT_HOPS_AV_SUCC=4.617354657445427
ROUTE_PAYMENT_SUCCESS_DIRECT=0.9254
ROUTE_PAYMENT_SUCCESS=0.9254
ROUTE_PAYMENT_FEE_AV=32.11729886899711
ROUTE_PAYMENT_FEE_MED=34.79974349953991
ROUTE_PAYMENT_FEE_Q1=8.711665971286816
ROUTE_PAYMENT_FEE_Q3=36.4472502126063
