ROUTE_PAYMENT_MES_AV=5.575500000000001
ROUTE_PAYMENT_MES_AV_SUCC=4.702513966480444
ROUTE_PAYMENT_HOPS_AV=5.337299999999997
ROUTE_PAYMENT_HOPS_AV_SUCC=4.590567253975073
ROUTE_PAYMENT_SUCCESS_DIRECT=0.9308
ROUTE_PAYMENT_SUCCESS=0.9308
