ROUTE_PAYMENT_MES_AV=5.117599999999998
ROUTE_PAYMENT_MES_AV_SUCC=4.5270447110141765
ROUTE_PAYMENT_HOPS_AV=5.024699999999999
ROUTE_PAYMENT_HOPS_AV_SUCC=4.505234460196293
ROUTE_PAYMENT_SUCCESS_DIRECT=0.917
ROUTE_PAYMENT_SUCCESS=0.917
