ROUTE_PAYMENT_MES_AV=4.4541
ROUTE_PAYMENT_MES_AV_SUCC=4.4541
ROUTE_PAYMENT_HOPS_AV=4.5061000000000035
ROUTE_PAYMENT_HOPS_AV_SUCC=4.5061000000000035
ROUTE_PAYMENT_SUCCESS_DIRECT=1.0
ROUTE_PAYMENT_SUCCESS=1.0
ROUTE_PAYMENT_FEE_AV=0.004035317067052197
ROUTE_PAYMENT_FEE_MED=0.005325613563085536
ROUTE_PAYMENT_FEE_Q1=0.0010323828153960012
ROUTE_PAYMENT_FEE_Q3=0.005625021719205954
