ROUTE_PAYMENT_MES_AV=6.1262099999999995	6.130700000000001	5.774900000000001	6.5825000000000005	0.029173029899999987	0.026354920899999874	0.03199113890000009	6.051353099294774	6.201066900705225
ROUTE_PAYMENT_MES_AV_SUCC=4.822551391444763	4.859646739130432	4.525294525294525	5.016360466675605	0.01389168999251288	0.017648185853213746	0.010818193379212172	4.770895648165221	4.874207134724304
ROUTE_PAYMENT_HOPS_AV=25.794465000000002	25.827400000000004	24.303400000000007	27.3143	0.6333526792749934	0.6808406678916579	0.5944988704068134	25.445675116782123	26.14325488321788
ROUTE_PAYMENT_HOPS_AV_SUCC=24.664684664658495	24.821279554937423	22.898350543113846	26.81375278396438	0.9131991590739903	0.9855609987018796	0.8539940175602624	24.245868124303495	25.083501205013494
ROUTE_PAYMENT_SUCCESS_DIRECT=0.732035	0.7322	0.7049	0.7553	1.6140727499999984E-4	1.846912249999997E-4	1.423567704545454E-4	0.726466956413425	0.737603043586575
ROUTE_PAYMENT_SUCCESS=0.732035	0.7322	0.7049	0.7553	1.6140727499999984E-4	1.846912249999997E-4	1.423567704545454E-4	0.726466956413425	0.737603043586575
