ROUTE_PAYMENT_MES_AV=5.875300000000001
ROUTE_PAYMENT_MES_AV_SUCC=4.5344072347039726
ROUTE_PAYMENT_HOPS_AV=30.254699999999993
ROUTE_PAYMENT_HOPS_AV_SUCC=29.100324996467425
ROUTE_PAYMENT_SUCCESS_DIRECT=0.7077
ROUTE_PAYMENT_SUCCESS=0.7077
