ROUTE_PAYMENT_MES_AV=7.1647000000000025
ROUTE_PAYMENT_MES_AV_SUCC=6.276338893766463
ROUTE_PAYMENT_HOPS_AV=8.573599999999997
ROUTE_PAYMENT_HOPS_AV_SUCC=8.16077699736611
ROUTE_PAYMENT_SUCCESS_DIRECT=0.9112
ROUTE_PAYMENT_SUCCESS=0.9112
