ROUTE_PAYMENT_MES_AV=3.4711000000000003
ROUTE_PAYMENT_MES_AV_SUCC=3.7093206951026856
ROUTE_PAYMENT_HOPS_AV=19.264299999999995
ROUTE_PAYMENT_HOPS_AV_SUCC=26.55625767948042
ROUTE_PAYMENT_SUCCESS_DIRECT=0.5697
ROUTE_PAYMENT_SUCCESS=0.5697
