ROUTE_PAYMENT_MES_AV=6.5008000000000035
ROUTE_PAYMENT_MES_AV_SUCC=4.867216804201051
ROUTE_PAYMENT_HOPS_AV=5.994999999999998
ROUTE_PAYMENT_HOPS_AV_SUCC=4.720823062908584
ROUTE_PAYMENT_SUCCESS_DIRECT=0.9331
ROUTE_PAYMENT_SUCCESS=0.9331
