ROUTE_PAYMENT_MES_AV=8.821700000000002
ROUTE_PAYMENT_MES_AV_SUCC=7.1398910473841095
ROUTE_PAYMENT_HOPS_AV=4.917600000000001
ROUTE_PAYMENT_HOPS_AV_SUCC=4.5028266008839575
ROUTE_PAYMENT_SUCCESS_DIRECT=0.9729
ROUTE_PAYMENT_SUCCESS=0.9729
