ROUTE_PAYMENT_MES_AV=6.846899999999998
ROUTE_PAYMENT_MES_AV_SUCC=5.680603397078037
ROUTE_PAYMENT_HOPS_AV=13.787600000000003
ROUTE_PAYMENT_HOPS_AV_SUCC=13.007839410856395
ROUTE_PAYMENT_SUCCESS_DIRECT=0.8419
ROUTE_PAYMENT_SUCCESS=0.8419
