ROUTE_PAYMENT_MES_AV=7.266299999999997
ROUTE_PAYMENT_MES_AV_SUCC=5.6588840996168575
ROUTE_PAYMENT_HOPS_AV=4.472299999999998
ROUTE_PAYMENT_HOPS_AV_SUCC=4.156369731800766
ROUTE_PAYMENT_SUCCESS_DIRECT=0.8352
ROUTE_PAYMENT_SUCCESS=0.8352
