ROUTE_PAYMENT_MES_AV=5.7913000000000014
ROUTE_PAYMENT_MES_AV_SUCC=4.711943035926204
ROUTE_PAYMENT_HOPS_AV=5.484699999999998
ROUTE_PAYMENT_HOPS_AV_SUCC=4.6135505448268415
ROUTE_PAYMENT_SUCCESS_DIRECT=0.9269
ROUTE_PAYMENT_SUCCESS=0.9269
