ROUTE_PAYMENT_MES_AV=9.715
ROUTE_PAYMENT_MES_AV_SUCC=7.089492155243602
ROUTE_PAYMENT_HOPS_AV=5.175300000000004
ROUTE_PAYMENT_HOPS_AV_SUCC=4.470169281585468
ROUTE_PAYMENT_SUCCESS_DIRECT=0.9688
ROUTE_PAYMENT_SUCCESS=0.9688
