ROUTE_PAYMENT_MES_AV=5.786999999999999
ROUTE_PAYMENT_MES_AV_SUCC=4.742351046698873
ROUTE_PAYMENT_HOPS_AV=5.5282
ROUTE_PAYMENT_HOPS_AV_SUCC=4.6491680085883
ROUTE_PAYMENT_SUCCESS_DIRECT=0.9315
ROUTE_PAYMENT_SUCCESS=0.9315
