ROUTE_PAYMENT_MES_AV=5.2406999999999995
ROUTE_PAYMENT_MES_AV_SUCC=4.601822004204625
ROUTE_PAYMENT_HOPS_AV=3.7830999999999992
ROUTE_PAYMENT_HOPS_AV_SUCC=3.9341275402943237
ROUTE_PAYMENT_SUCCESS_DIRECT=0.7135
ROUTE_PAYMENT_SUCCESS=0.7135
