ROUTE_PAYMENT_MES_AV=11.190000000000001
ROUTE_PAYMENT_MES_AV_SUCC=12.585714285714287
ROUTE_PAYMENT_HOPS_AV=2.6799999999999997
ROUTE_PAYMENT_HOPS_AV_SUCC=3.0571428571428574
ROUTE_PAYMENT_SUCCESS_DIRECT=0.7
ROUTE_PAYMENT_SUCCESS=0.7
ROUTE_PAYMENT_FEE_AV=0.9475489801919338
ROUTE_PAYMENT_FEE_MED=0.9475489801919338
ROUTE_PAYMENT_FEE_Q1=0.9475489801919338
ROUTE_PAYMENT_FEE_Q3=0.9475489801919338
