ROUTE_PAYMENT_MES_AV=11.649999999999999
ROUTE_PAYMENT_MES_AV_SUCC=12.923076923076923
ROUTE_PAYMENT_HOPS_AV=2.53
ROUTE_PAYMENT_HOPS_AV_SUCC=3.0
ROUTE_PAYMENT_SUCCESS_DIRECT=0.39
ROUTE_PAYMENT_SUCCESS=0.39
ROUTE_PAYMENT_FEE_AV=1.152126913438403
ROUTE_PAYMENT_FEE_MED=2.304253826876806
ROUTE_PAYMENT_FEE_Q1=0.7725519139908749
ROUTE_PAYMENT_FEE_Q3=1.5317019128859308
