ROUTE_PAYMENT_MES_AV=6.122999999999999
ROUTE_PAYMENT_MES_AV_SUCC=4.740672435806498
ROUTE_PAYMENT_HOPS_AV=27.591900000000006
ROUTE_PAYMENT_HOPS_AV_SUCC=26.707050645481612
ROUTE_PAYMENT_SUCCESS_DIRECT=0.7049
ROUTE_PAYMENT_SUCCESS=0.7049
