ROUTE_PAYMENT_MES_AV=5.2479
ROUTE_PAYMENT_MES_AV_SUCC=4.60499186109604
ROUTE_PAYMENT_HOPS_AV=16.913
ROUTE_PAYMENT_HOPS_AV_SUCC=14.881497558328794
ROUTE_PAYMENT_SUCCESS_DIRECT=0.9215
ROUTE_PAYMENT_SUCCESS=0.9215
