ROUTE_PAYMENT_MES_AV=7.446199999999998
ROUTE_PAYMENT_MES_AV_SUCC=6.4126394052044615
ROUTE_PAYMENT_HOPS_AV=4.576299999999999
ROUTE_PAYMENT_HOPS_AV_SUCC=4.336977913842116
ROUTE_PAYMENT_SUCCESS_DIRECT=0.9146
ROUTE_PAYMENT_SUCCESS=0.9146
