ROUTE_PAYMENT_MES_AV=5.702999999999999
ROUTE_PAYMENT_MES_AV_SUCC=4.706755593803787
ROUTE_PAYMENT_HOPS_AV=28.51359999999999
ROUTE_PAYMENT_HOPS_AV_SUCC=23.49085628227195
ROUTE_PAYMENT_SUCCESS_DIRECT=0.9296
ROUTE_PAYMENT_SUCCESS=0.9296
