ROUTE_PAYMENT_MES_AV=5.490299999999998
ROUTE_PAYMENT_MES_AV_SUCC=4.673847479534683
ROUTE_PAYMENT_HOPS_AV=5.3176000000000005
ROUTE_PAYMENT_HOPS_AV_SUCC=4.604911676001723
ROUTE_PAYMENT_SUCCESS_DIRECT=0.9284
ROUTE_PAYMENT_SUCCESS=0.9284
