ROUTE_PAYMENT_MES_AV=3.6127000000000002
ROUTE_PAYMENT_MES_AV_SUCC=3.761530398322851
ROUTE_PAYMENT_HOPS_AV=18.520900000000008
ROUTE_PAYMENT_HOPS_AV_SUCC=25.162823200559053
ROUTE_PAYMENT_SUCCESS_DIRECT=0.5724
ROUTE_PAYMENT_SUCCESS=0.5724
