ROUTE_PAYMENT_MES_AV=5.872799999999997
ROUTE_PAYMENT_MES_AV_SUCC=4.585109289617486
ROUTE_PAYMENT_HOPS_AV=27.104500000000005
ROUTE_PAYMENT_HOPS_AV_SUCC=25.92868852459016
ROUTE_PAYMENT_SUCCESS_DIRECT=0.732
ROUTE_PAYMENT_SUCCESS=0.732
