ROUTE_PAYMENT_MES_AV=5.950100000000002
ROUTE_PAYMENT_MES_AV_SUCC=4.570691877954447
ROUTE_PAYMENT_HOPS_AV=30.176000000000016
ROUTE_PAYMENT_HOPS_AV_SUCC=29.17060593038247
ROUTE_PAYMENT_SUCCESS_DIRECT=0.6981
ROUTE_PAYMENT_SUCCESS=0.6981
