ROUTE_PAYMENT_MES_AV=5.756600000000003
ROUTE_PAYMENT_MES_AV_SUCC=4.78850080601827
ROUTE_PAYMENT_HOPS_AV=5.490800000000001
ROUTE_PAYMENT_HOPS_AV_SUCC=4.696722192369695
ROUTE_PAYMENT_SUCCESS_DIRECT=0.9305
ROUTE_PAYMENT_SUCCESS=0.9305
