ROUTE_PAYMENT_MES_AV=5.706399999999999
ROUTE_PAYMENT_MES_AV_SUCC=4.738046411225038
ROUTE_PAYMENT_HOPS_AV=5.405699999999996
ROUTE_PAYMENT_HOPS_AV_SUCC=4.622773880194277
ROUTE_PAYMENT_SUCCESS_DIRECT=0.9265
ROUTE_PAYMENT_SUCCESS=0.9265
