ROUTE_PAYMENT_MES_AV=6.780300000000005
ROUTE_PAYMENT_MES_AV_SUCC=5.655699177438309
ROUTE_PAYMENT_HOPS_AV=15.121499999999996
ROUTE_PAYMENT_HOPS_AV_SUCC=13.940540540540535
ROUTE_PAYMENT_SUCCESS_DIRECT=0.851
ROUTE_PAYMENT_SUCCESS=0.851
