ROUTE_PAYMENT_MES_AV=4.285639999999999	4.276500000000001	4.186099999999999	4.4839	0.006087848400000031	0.004413799054545345	0.008133908711111313	4.251444182702089	4.319835817297909
ROUTE_PAYMENT_MES_AV_SUCC=3.886462892197243	3.8917035022101323	3.772616136919315	4.0247867374859165	0.0033628204495705387	0.0032691601422635956	0.003456480756877481	3.8610477283781073	3.911878056016379
ROUTE_PAYMENT_HOPS_AV=3.338475	3.3334	3.2707000000000006	3.4366	0.001683970874999993	0.0012885988068181717	0.002167203402777774	3.3204900861645097	3.35645991383549
ROUTE_PAYMENT_HOPS_AV_SUCC=3.713271570495271	3.717712177121771	3.657701711491443	3.764765784114053	7.964783283298801E-4	9.111115840293999E-4	7.026874827575458E-4	3.7009027565947545	3.725640384395787
ROUTE_PAYMENT_SUCCESS_DIRECT=0.5977750000000001	0.5962	0.5726	0.6235	1.757548750000002E-4	1.311465340909103E-4	2.302761805555545E-4	0.5919647507463105	0.6035852492536896
ROUTE_PAYMENT_SUCCESS=0.5977750000000001	0.5962	0.5726	0.6235	1.757548750000002E-4	1.311465340909103E-4	2.302761805555545E-4	0.5919647507463105	0.6035852492536896
