ROUTE_PAYMENT_MES_AV=6.252899999999997
ROUTE_PAYMENT_MES_AV_SUCC=4.883955868669413
ROUTE_PAYMENT_HOPS_AV=4.1103999999999985
ROUTE_PAYMENT_HOPS_AV_SUCC=3.992556161105942
ROUTE_PAYMENT_SUCCESS_DIRECT=0.7523
ROUTE_PAYMENT_SUCCESS=0.7523
