ROUTE_PAYMENT_MES_AV=5.5370000000000035
ROUTE_PAYMENT_MES_AV_SUCC=4.702414014099547
ROUTE_PAYMENT_HOPS_AV=5.270900000000003
ROUTE_PAYMENT_HOPS_AV_SUCC=4.57957701345866
ROUTE_PAYMENT_SUCCESS_DIRECT=0.9362
ROUTE_PAYMENT_SUCCESS=0.9362
