ROUTE_PAYMENT_MES_AV=6.354000000000001
ROUTE_PAYMENT_MES_AV_SUCC=5.193618379068283
ROUTE_PAYMENT_HOPS_AV=20.463500000000007
ROUTE_PAYMENT_HOPS_AV_SUCC=19.502871729419272
ROUTE_PAYMENT_SUCCESS_DIRECT=0.7835
ROUTE_PAYMENT_SUCCESS=0.7835
