ROUTE_PAYMENT_MES_AV=5.875700000000002
ROUTE_PAYMENT_MES_AV_SUCC=4.803416048984853
ROUTE_PAYMENT_HOPS_AV=5.592200000000002
ROUTE_PAYMENT_HOPS_AV_SUCC=4.681598453109893
ROUTE_PAYMENT_SUCCESS_DIRECT=0.9309
ROUTE_PAYMENT_SUCCESS=0.9309
