ROUTE_PAYMENT_MES_AV=7.311100000000002
ROUTE_PAYMENT_MES_AV_SUCC=6.423686223096255
ROUTE_PAYMENT_HOPS_AV=6.9507
ROUTE_PAYMENT_HOPS_AV_SUCC=6.7342947667431465
ROUTE_PAYMENT_SUCCESS_DIRECT=0.9153
ROUTE_PAYMENT_SUCCESS=0.9153
