ROUTE_PAYMENT_MES_AV=9.171700000000001
ROUTE_PAYMENT_MES_AV_SUCC=7.034821794346579
ROUTE_PAYMENT_HOPS_AV=5.033999999999997
ROUTE_PAYMENT_HOPS_AV_SUCC=4.47224498156493
ROUTE_PAYMENT_SUCCESS_DIRECT=0.9764
ROUTE_PAYMENT_SUCCESS=0.9764
