ROUTE_PAYMENT_MES_AV=5.962800000000004
ROUTE_PAYMENT_MES_AV_SUCC=4.718308327897368
ROUTE_PAYMENT_HOPS_AV=5.639900000000001
ROUTE_PAYMENT_HOPS_AV_SUCC=4.627092846270928
ROUTE_PAYMENT_SUCCESS_DIRECT=0.9198
ROUTE_PAYMENT_SUCCESS=0.9198
