ROUTE_PAYMENT_MES_AV=6.584999999999998
ROUTE_PAYMENT_MES_AV_SUCC=5.491668679063025
ROUTE_PAYMENT_HOPS_AV=14.829300000000003
ROUTE_PAYMENT_HOPS_AV_SUCC=14.153706834098037
ROUTE_PAYMENT_SUCCESS_DIRECT=0.8282
ROUTE_PAYMENT_SUCCESS=0.8282
