ROUTE_PAYMENT_MES_AV=7.201199999999998
ROUTE_PAYMENT_MES_AV_SUCC=5.617756315007427
ROUTE_PAYMENT_HOPS_AV=4.464900000000001
ROUTE_PAYMENT_HOPS_AV_SUCC=4.17211490837048
ROUTE_PAYMENT_SUCCESS_DIRECT=0.8076
ROUTE_PAYMENT_SUCCESS=0.8076
