ROUTE_PAYMENT_MES_AV=5.603200000000006
ROUTE_PAYMENT_MES_AV_SUCC=4.802640121185889
ROUTE_PAYMENT_HOPS_AV=23.826800000000002
ROUTE_PAYMENT_HOPS_AV_SUCC=20.163817355550766
ROUTE_PAYMENT_SUCCESS_DIRECT=0.9242
ROUTE_PAYMENT_SUCCESS=0.9242
