ROUTE_PAYMENT_MES_AV=5.0996999999999995
ROUTE_PAYMENT_MES_AV_SUCC=4.670800606311149
ROUTE_PAYMENT_HOPS_AV=11.388099999999996
ROUTE_PAYMENT_HOPS_AV_SUCC=13.21675623535896
ROUTE_PAYMENT_SUCCESS_DIRECT=0.7257
ROUTE_PAYMENT_SUCCESS=0.7257
