ROUTE_PAYMENT_MES_AV=8.6249
ROUTE_PAYMENT_MES_AV_SUCC=7.008922161829552
ROUTE_PAYMENT_HOPS_AV=4.868600000000004
ROUTE_PAYMENT_HOPS_AV_SUCC=4.452466413701161
ROUTE_PAYMENT_SUCCESS_DIRECT=0.9751
ROUTE_PAYMENT_SUCCESS=0.9751
