ROUTE_PAYMENT_MES_AV=5.203100000000002
ROUTE_PAYMENT_MES_AV_SUCC=4.479400749063672
ROUTE_PAYMENT_HOPS_AV=5.122000000000002
ROUTE_PAYMENT_HOPS_AV_SUCC=4.473452302269222
ROUTE_PAYMENT_SUCCESS_DIRECT=0.9078
ROUTE_PAYMENT_SUCCESS=0.9078
