ROUTE_PAYMENT_MES_AV=7.697299999999998
ROUTE_PAYMENT_MES_AV_SUCC=6.59141304347826
ROUTE_PAYMENT_HOPS_AV=4.643299999999997
ROUTE_PAYMENT_HOPS_AV_SUCC=4.388152173913042
ROUTE_PAYMENT_SUCCESS_DIRECT=0.92
ROUTE_PAYMENT_SUCCESS=0.92
