ROUTE_PAYMENT_MES_AV=5.9139
ROUTE_PAYMENT_MES_AV_SUCC=4.710546323449551
ROUTE_PAYMENT_HOPS_AV=19.52990000000001
ROUTE_PAYMENT_HOPS_AV_SUCC=15.714999456934944
ROUTE_PAYMENT_SUCCESS_DIRECT=0.9207
ROUTE_PAYMENT_SUCCESS=0.9207
