ROUTE_PAYMENT_MES_AV=6.083300000000001
ROUTE_PAYMENT_MES_AV_SUCC=4.792503780514152
ROUTE_PAYMENT_HOPS_AV=15.50240000000001
ROUTE_PAYMENT_HOPS_AV_SUCC=12.275761503564484
ROUTE_PAYMENT_SUCCESS_DIRECT=0.9258
ROUTE_PAYMENT_SUCCESS=0.9258
