ROUTE_PAYMENT_MES_AV=6.0081000000000016
ROUTE_PAYMENT_MES_AV_SUCC=4.715440146535934
ROUTE_PAYMENT_HOPS_AV=5.681799999999999
ROUTE_PAYMENT_HOPS_AV_SUCC=4.578385949789895
ROUTE_PAYMENT_SUCCESS_DIRECT=0.9281
ROUTE_PAYMENT_SUCCESS=0.9281
