ROUTE_PAYMENT_MES_AV=6.674800000000002
ROUTE_PAYMENT_MES_AV_SUCC=5.433271028037384
ROUTE_PAYMENT_HOPS_AV=4.282699999999998
ROUTE_PAYMENT_HOPS_AV_SUCC=4.124984423676011
ROUTE_PAYMENT_SUCCESS_DIRECT=0.8025
ROUTE_PAYMENT_SUCCESS=0.8025
