ROUTE_PAYMENT_MES_AV=6.061999999999997
ROUTE_PAYMENT_MES_AV_SUCC=4.9176861987550975
ROUTE_PAYMENT_HOPS_AV=5.742299999999998
ROUTE_PAYMENT_HOPS_AV_SUCC=4.769156471345782
ROUTE_PAYMENT_SUCCESS_DIRECT=0.9318
ROUTE_PAYMENT_SUCCESS=0.9318
