ROUTE_PAYMENT_MES_AV=5.554299999999999
ROUTE_PAYMENT_MES_AV_SUCC=4.7202895419187545
ROUTE_PAYMENT_HOPS_AV=5.390200000000004
ROUTE_PAYMENT_HOPS_AV_SUCC=4.663029386343991
ROUTE_PAYMENT_SUCCESS_DIRECT=0.9256
ROUTE_PAYMENT_SUCCESS=0.9256
