ROUTE_PAYMENT_MES_AV=5.166599999999998
ROUTE_PAYMENT_MES_AV_SUCC=4.521048015786011
ROUTE_PAYMENT_HOPS_AV=27.36350000000002
ROUTE_PAYMENT_HOPS_AV_SUCC=23.790616092962072
ROUTE_PAYMENT_SUCCESS_DIRECT=0.9122
ROUTE_PAYMENT_SUCCESS=0.9122
