ROUTE_PAYMENT_MES_AV=8.965500000000002
ROUTE_PAYMENT_MES_AV_SUCC=7.029557157569513
ROUTE_PAYMENT_HOPS_AV=4.999300000000001
ROUTE_PAYMENT_HOPS_AV_SUCC=4.477857878475798
ROUTE_PAYMENT_SUCCESS_DIRECT=0.971
ROUTE_PAYMENT_SUCCESS=0.971
