ROUTE_PAYMENT_MES_AV=6.9142999999999954
ROUTE_PAYMENT_MES_AV_SUCC=6.043896368367463
ROUTE_PAYMENT_HOPS_AV=4.3256
ROUTE_PAYMENT_HOPS_AV_SUCC=4.198551872383754
ROUTE_PAYMENT_SUCCESS_DIRECT=0.8839
ROUTE_PAYMENT_SUCCESS=0.8839
