ROUTE_PAYMENT_MES_AV=5.752700000000001
ROUTE_PAYMENT_MES_AV_SUCC=4.684940341825216
ROUTE_PAYMENT_HOPS_AV=5.451899999999996
ROUTE_PAYMENT_HOPS_AV_SUCC=4.590454692034829
ROUTE_PAYMENT_SUCCESS_DIRECT=0.9303
ROUTE_PAYMENT_SUCCESS=0.9303
