ROUTE_PAYMENT_MES_AV=5.766299999999998
ROUTE_PAYMENT_MES_AV_SUCC=4.765962036238136
ROUTE_PAYMENT_HOPS_AV=11.50140000000001
ROUTE_PAYMENT_HOPS_AV_SUCC=9.359577221742878
ROUTE_PAYMENT_SUCCESS_DIRECT=0.9272
ROUTE_PAYMENT_SUCCESS=0.9272
