ROUTE_PAYMENT_MES_AV=5.659400000000001
ROUTE_PAYMENT_MES_AV_SUCC=4.694162162162162
ROUTE_PAYMENT_HOPS_AV=44.100900000000024
ROUTE_PAYMENT_HOPS_AV_SUCC=36.025729729729754
ROUTE_PAYMENT_SUCCESS_DIRECT=0.925
ROUTE_PAYMENT_SUCCESS=0.925
