ROUTE_PAYMENT_MES_AV=5.681299999999998
ROUTE_PAYMENT_MES_AV_SUCC=4.741171403962103
ROUTE_PAYMENT_HOPS_AV=17.34460000000001
ROUTE_PAYMENT_HOPS_AV_SUCC=14.143733850129202
ROUTE_PAYMENT_SUCCESS_DIRECT=0.9288
ROUTE_PAYMENT_SUCCESS=0.9288
