ROUTE_PAYMENT_MES_AV=5.974300000000001
ROUTE_PAYMENT_MES_AV_SUCC=4.7814497778740925
ROUTE_PAYMENT_HOPS_AV=24.38089999999999
ROUTE_PAYMENT_HOPS_AV_SUCC=19.158738758262
ROUTE_PAYMENT_SUCCESS_DIRECT=0.9229
ROUTE_PAYMENT_SUCCESS=0.9229
