ROUTE_PAYMENT_MES_AV=322.5057000000004
ROUTE_PAYMENT_MES_AV_SUCC=73.7527224435591
ROUTE_PAYMENT_HOPS_AV=13.0244
ROUTE_PAYMENT_HOPS_AV_SUCC=6.308366533864541
ROUTE_PAYMENT_SUCCESS_DIRECT=0.3765
ROUTE_PAYMENT_SUCCESS=0.3765
ROUTE_PAYMENT_FEE_AV=156.5950559516879
ROUTE_PAYMENT_FEE_MED=96.80812250772148
ROUTE_PAYMENT_FEE_Q1=41.624194960853295
ROUTE_PAYMENT_FEE_Q3=203.74268289659014
