ROUTE_PAYMENT_MES_AV=8.6265
ROUTE_PAYMENT_MES_AV_SUCC=6.673346261581553
ROUTE_PAYMENT_HOPS_AV=4.853799999999999
ROUTE_PAYMENT_HOPS_AV_SUCC=4.362421891833655
ROUTE_PAYMENT_SUCCESS_DIRECT=0.9282
ROUTE_PAYMENT_SUCCESS=0.9282
