ROUTE_PAYMENT_MES_AV=5.4803999999999995
ROUTE_PAYMENT_MES_AV_SUCC=4.619707715452393
ROUTE_PAYMENT_HOPS_AV=19.794900000000002
ROUTE_PAYMENT_HOPS_AV_SUCC=16.49505695250376
ROUTE_PAYMENT_SUCCESS_DIRECT=0.9306
ROUTE_PAYMENT_SUCCESS=0.9306
