ROUTE_PAYMENT_MES_AV=6.439099999999999
ROUTE_PAYMENT_MES_AV_SUCC=5.1841494845360865
ROUTE_PAYMENT_HOPS_AV=20.3739
ROUTE_PAYMENT_HOPS_AV_SUCC=19.35824742268043
ROUTE_PAYMENT_SUCCESS_DIRECT=0.776
ROUTE_PAYMENT_SUCCESS=0.776
