ROUTE_PAYMENT_MES_AV=5.514000000000004
ROUTE_PAYMENT_MES_AV_SUCC=4.66108149276466
ROUTE_PAYMENT_HOPS_AV=16.64579999999999
ROUTE_PAYMENT_HOPS_AV_SUCC=13.95930801871396
ROUTE_PAYMENT_SUCCESS_DIRECT=0.9191
ROUTE_PAYMENT_SUCCESS=0.9191
