ROUTE_PAYMENT_MES_AV=5.425800000000002
ROUTE_PAYMENT_MES_AV_SUCC=4.617353723404253
ROUTE_PAYMENT_HOPS_AV=34.581900000000005
ROUTE_PAYMENT_HOPS_AV_SUCC=28.564162234042534
ROUTE_PAYMENT_SUCCESS_DIRECT=0.9024
ROUTE_PAYMENT_SUCCESS=0.9024
