ROUTE_PAYMENT_MES_AV=6.725399999999999
ROUTE_PAYMENT_MES_AV_SUCC=5.295183842568617
ROUTE_PAYMENT_HOPS_AV=22.19509999999999
ROUTE_PAYMENT_HOPS_AV_SUCC=20.677628171931637
ROUTE_PAYMENT_SUCCESS_DIRECT=0.7724
ROUTE_PAYMENT_SUCCESS=0.7724
