ROUTE_PAYMENT_MES_AV=4.3838
ROUTE_PAYMENT_MES_AV_SUCC=3.922753716871364
ROUTE_PAYMENT_HOPS_AV=3.382299999999999
ROUTE_PAYMENT_HOPS_AV_SUCC=3.6932773109243695
ROUTE_PAYMENT_SUCCESS_DIRECT=0.6188
ROUTE_PAYMENT_SUCCESS=0.6188
