ROUTE_PAYMENT_MES_AV=7.6878
ROUTE_PAYMENT_MES_AV_SUCC=7.691796008869179
ROUTE_PAYMENT_HOPS_AV=3.9544999999999995
ROUTE_PAYMENT_HOPS_AV_SUCC=3.9559564603910498
ROUTE_PAYMENT_SUCCESS_DIRECT=0.9922
ROUTE_PAYMENT_SUCCESS=0.9922
ROUTE_PAYMENT_FEE_AV=2.763222212100011
ROUTE_PAYMENT_FEE_MED=5.915969514728671
ROUTE_PAYMENT_FEE_Q1=1.9943694411291428
ROUTE_PAYMENT_FEE_Q3=3.047456338621718
