ROUTE_PAYMENT_MES_AV=6.190600000000003
ROUTE_PAYMENT_MES_AV_SUCC=4.79280932843878
ROUTE_PAYMENT_HOPS_AV=5.838200000000002
ROUTE_PAYMENT_HOPS_AV_SUCC=4.667674368386956
ROUTE_PAYMENT_SUCCESS_DIRECT=0.9262
ROUTE_PAYMENT_SUCCESS=0.9262
