ROUTE_PAYMENT_MES_AV=5.897715000000001	5.9110000000000005	5.587599999999999	6.151800000000001	0.025311355274999992	0.02681646692499986	0.023806243625000126	5.827988354295349	5.967441645704652
ROUTE_PAYMENT_MES_AV_SUCC=4.778996818344336	4.772237052856379	4.650047836717339	4.9024520255863555	0.003890089829618378	0.003079250087514177	0.005106349442774679	4.751661704397745	4.806331932290926
ROUTE_PAYMENT_HOPS_AV=5.579464999999999	5.585000000000002	5.375999999999999	5.816300000000004	0.016288759275000016	0.01557132682499963	0.017006191725000404	5.523529815352569	5.635400184647429
ROUTE_PAYMENT_HOPS_AV_SUCC=4.6513238839516875	4.646353218378495	4.538428829594983	4.768550106609807	0.0035911440117157084	0.0031212102454076756	0.004165507503869971	4.625060088685764	4.677587679217611
ROUTE_PAYMENT_SUCCESS_DIRECT=0.9335549999999999	0.9335	0.9261	0.9443	2.5834474999999952E-5	2.0353661363635664E-5	3.253324722222297E-5	0.9313273811012652	0.9357826188987346
ROUTE_PAYMENT_SUCCESS=0.9335549999999999	0.9335	0.9261	0.9443	2.5834474999999952E-5	2.0353661363635664E-5	3.253324722222297E-5	0.9313273811012652	0.9357826188987346
