ROUTE_PAYMENT_MES_AV=5.6742
ROUTE_PAYMENT_MES_AV_SUCC=4.683270167839741
ROUTE_PAYMENT_HOPS_AV=43.17569999999992
ROUTE_PAYMENT_HOPS_AV_SUCC=35.412019491066594
ROUTE_PAYMENT_SUCCESS_DIRECT=0.9235
ROUTE_PAYMENT_SUCCESS=0.9235
