ROUTE_PAYMENT_MES_AV=3.9880000000000004
ROUTE_PAYMENT_MES_AV_SUCC=3.671107994389902
ROUTE_PAYMENT_HOPS_AV=3.1902999999999997
ROUTE_PAYMENT_HOPS_AV_SUCC=3.607117812061711
ROUTE_PAYMENT_SUCCESS_DIRECT=0.5704
ROUTE_PAYMENT_SUCCESS=0.5704
