ROUTE_PAYMENT_MES_AV=5.765000000000005
ROUTE_PAYMENT_MES_AV_SUCC=4.640183346065698
ROUTE_PAYMENT_HOPS_AV=35.92689999999996
ROUTE_PAYMENT_HOPS_AV_SUCC=28.101931681763602
ROUTE_PAYMENT_SUCCESS_DIRECT=0.9163
ROUTE_PAYMENT_SUCCESS=0.9163
