ROUTE_PAYMENT_MES_AV=5.833000000000002
ROUTE_PAYMENT_MES_AV_SUCC=4.788745980707399
ROUTE_PAYMENT_HOPS_AV=5.535700000000003
ROUTE_PAYMENT_HOPS_AV_SUCC=4.660664523043943
ROUTE_PAYMENT_SUCCESS_DIRECT=0.933
ROUTE_PAYMENT_SUCCESS=0.933
