ROUTE_PAYMENT_MES_AV=6.188150000000002	6.260000000000001	5.667699999999999	6.6830000000000025	0.08992756150000034	0.10484578027777902	0.07772174613636325	6.056722126194937	6.319577873805067
ROUTE_PAYMENT_MES_AV_SUCC=5.523966198280156	5.56921610674291	5.145620437956205	5.9958615932865875	0.053896699830501896	0.06063068047492009	0.04838707930325063	5.422219070048236	5.625713326512075
ROUTE_PAYMENT_HOPS_AV=8.795445	8.8034	7.847400000000003	9.9281	0.32099912947499903	0.2975582443249996	0.3444400146249987	8.547135691294995	9.043754308705006
ROUTE_PAYMENT_HOPS_AV_SUCC=9.250083880455119	9.28958282507929	7.929755419033267	10.853950817625767	0.6529148073598409	0.6622977308999553	0.6452378699179291	8.895948487988228	9.604219272922009
ROUTE_PAYMENT_SUCCESS_DIRECT=0.8360200000000001	0.8392	0.7946	0.8699	4.5818460000000003E-4	5.272084000000044E-4	4.017105818181783E-4	0.8266387368671378	0.8454012631328623
ROUTE_PAYMENT_SUCCESS=0.8360200000000001	0.8392	0.7946	0.8699	4.5818460000000003E-4	5.272084000000044E-4	4.017105818181783E-4	0.8266387368671378	0.8454012631328623
