ROUTE_PAYMENT_MES_AV=5.733799999999999
ROUTE_PAYMENT_MES_AV_SUCC=4.717993079584772
ROUTE_PAYMENT_HOPS_AV=22.223799999999994
ROUTE_PAYMENT_HOPS_AV_SUCC=18.3226643598616
ROUTE_PAYMENT_SUCCESS_DIRECT=0.9248
ROUTE_PAYMENT_SUCCESS=0.9248
