ROUTE_PAYMENT_MES_AV=5.746299999999999
ROUTE_PAYMENT_MES_AV_SUCC=4.739883770985796
ROUTE_PAYMENT_HOPS_AV=5.4772000000000025
ROUTE_PAYMENT_HOPS_AV_SUCC=4.6422729229444695
ROUTE_PAYMENT_SUCCESS_DIRECT=0.9292
ROUTE_PAYMENT_SUCCESS=0.9292
