ROUTE_PAYMENT_MES_AV=6.954400000000002
ROUTE_PAYMENT_MES_AV_SUCC=5.703075291622483
ROUTE_PAYMENT_HOPS_AV=15.05699999999999
ROUTE_PAYMENT_HOPS_AV_SUCC=13.740780016495822
ROUTE_PAYMENT_SUCCESS_DIRECT=0.8487
ROUTE_PAYMENT_SUCCESS=0.8487
