ROUTE_PAYMENT_MES_AV=5.869000000000002
ROUTE_PAYMENT_MES_AV_SUCC=4.587895637296836
ROUTE_PAYMENT_HOPS_AV=5.541100000000003
ROUTE_PAYMENT_HOPS_AV_SUCC=4.503742514970062
ROUTE_PAYMENT_SUCCESS_DIRECT=0.9352
ROUTE_PAYMENT_SUCCESS=0.9352
