ROUTE_PAYMENT_MES_AV=4.851300000000001
ROUTE_PAYMENT_MES_AV_SUCC=4.287505597850426
ROUTE_PAYMENT_HOPS_AV=3.5641000000000007
ROUTE_PAYMENT_HOPS_AV_SUCC=3.8040005971040447
ROUTE_PAYMENT_SUCCESS_DIRECT=0.6699
ROUTE_PAYMENT_SUCCESS=0.6699
