ROUTE_PAYMENT_MES_AV=6.015399999999999
ROUTE_PAYMENT_MES_AV_SUCC=5.150733368255634
ROUTE_PAYMENT_HOPS_AV=4.0479
ROUTE_PAYMENT_HOPS_AV_SUCC=4.055133577789419
ROUTE_PAYMENT_SUCCESS_DIRECT=0.7636
ROUTE_PAYMENT_SUCCESS=0.7636
