ROUTE_PAYMENT_MES_AV=4.7207
ROUTE_PAYMENT_MES_AV_SUCC=4.45895413380076
ROUTE_PAYMENT_HOPS_AV=12.941800000000002
ROUTE_PAYMENT_HOPS_AV_SUCC=15.809669880222032
ROUTE_PAYMENT_SUCCESS_DIRECT=0.6846
ROUTE_PAYMENT_SUCCESS=0.6846
