ROUTE_PAYMENT_MES_AV=4.940999999999999
ROUTE_PAYMENT_MES_AV_SUCC=4.451976782389658
ROUTE_PAYMENT_HOPS_AV=25.842300000000005
ROUTE_PAYMENT_HOPS_AV_SUCC=23.11126930237648
ROUTE_PAYMENT_SUCCESS_DIRECT=0.9131
ROUTE_PAYMENT_SUCCESS=0.9131
