ROUTE_PAYMENT_MES_AV=7.493100000000001
ROUTE_PAYMENT_MES_AV_SUCC=7.4886685552407934
ROUTE_PAYMENT_HOPS_AV=3.8408999999999995
ROUTE_PAYMENT_HOPS_AV_SUCC=3.8353905301497364
ROUTE_PAYMENT_SUCCESS_DIRECT=0.9884
ROUTE_PAYMENT_SUCCESS=0.9884
ROUTE_PAYMENT_FEE_AV=2.6784020276151876
ROUTE_PAYMENT_FEE_MED=5.853926047407365
ROUTE_PAYMENT_FEE_Q1=1.992756824832922
ROUTE_PAYMENT_FEE_Q3=3.0248920490390563
