ROUTE_PAYMENT_MES_AV=5.684099999999997
ROUTE_PAYMENT_MES_AV_SUCC=4.680215633423181
ROUTE_PAYMENT_HOPS_AV=5.415
ROUTE_PAYMENT_HOPS_AV_SUCC=4.596118598382749
ROUTE_PAYMENT_SUCCESS_DIRECT=0.9275
ROUTE_PAYMENT_SUCCESS=0.9275
