ROUTE_PAYMENT_MES_AV=5.1267999999999985
ROUTE_PAYMENT_MES_AV_SUCC=4.4459609409676
ROUTE_PAYMENT_HOPS_AV=5.046999999999999
ROUTE_PAYMENT_HOPS_AV_SUCC=4.438637372392366
ROUTE_PAYMENT_SUCCESS_DIRECT=0.9012
ROUTE_PAYMENT_SUCCESS=0.9012
