ROUTE_PAYMENT_MES_AV=5.966799999999998
ROUTE_PAYMENT_MES_AV_SUCC=4.777753964852123
ROUTE_PAYMENT_HOPS_AV=23.126400000000015
ROUTE_PAYMENT_HOPS_AV_SUCC=18.1141234462066
ROUTE_PAYMENT_SUCCESS_DIRECT=0.9332
ROUTE_PAYMENT_SUCCESS=0.9332
