ROUTE_PAYMENT_MES_AV=6.315699999999999
ROUTE_PAYMENT_MES_AV_SUCC=5.43299473748623
ROUTE_PAYMENT_HOPS_AV=4.192400000000002
ROUTE_PAYMENT_HOPS_AV_SUCC=4.126422714478031
ROUTE_PAYMENT_SUCCESS_DIRECT=0.8171
ROUTE_PAYMENT_SUCCESS=0.8171
