ROUTE_PAYMENT_MES_AV=5.359800000000003
ROUTE_PAYMENT_MES_AV_SUCC=4.599564270152506
ROUTE_PAYMENT_HOPS_AV=5.245500000000001
ROUTE_PAYMENT_HOPS_AV_SUCC=4.574836601307188
ROUTE_PAYMENT_SUCCESS_DIRECT=0.918
ROUTE_PAYMENT_SUCCESS=0.918
