ROUTE_PAYMENT_MES_AV=4.013400000000001
ROUTE_PAYMENT_MES_AV_SUCC=3.9633481921743434
ROUTE_PAYMENT_HOPS_AV=15.553500000000003
ROUTE_PAYMENT_HOPS_AV_SUCC=20.404490671949805
ROUTE_PAYMENT_SUCCESS_DIRECT=0.6057
ROUTE_PAYMENT_SUCCESS=0.6057
