ROUTE_PAYMENT_MES_AV=4.049200000000001
ROUTE_PAYMENT_MES_AV_SUCC=3.7557685481008165
ROUTE_PAYMENT_HOPS_AV=3.2353
ROUTE_PAYMENT_HOPS_AV_SUCC=3.6927582534611285
ROUTE_PAYMENT_SUCCESS_DIRECT=0.5634
ROUTE_PAYMENT_SUCCESS=0.5634
