ROUTE_PAYMENT_MES_AV=5.399
ROUTE_PAYMENT_MES_AV_SUCC=4.618162162162159
ROUTE_PAYMENT_HOPS_AV=5.269399999999997
ROUTE_PAYMENT_HOPS_AV_SUCC=4.580432432432432
ROUTE_PAYMENT_SUCCESS_DIRECT=0.925
ROUTE_PAYMENT_SUCCESS=0.925
