ROUTE_PAYMENT_MES_AV=5.1781
ROUTE_PAYMENT_MES_AV_SUCC=4.611354669004823
ROUTE_PAYMENT_HOPS_AV=26.358500000000014
ROUTE_PAYMENT_HOPS_AV_SUCC=23.824857518632168
ROUTE_PAYMENT_SUCCESS_DIRECT=0.9124
ROUTE_PAYMENT_SUCCESS=0.9124
