ROUTE_PAYMENT_MES_AV=6.967599999999999
ROUTE_PAYMENT_MES_AV_SUCC=5.4590307269547855
ROUTE_PAYMENT_HOPS_AV=18.258499999999994
ROUTE_PAYMENT_HOPS_AV_SUCC=16.77766674993755
ROUTE_PAYMENT_SUCCESS_DIRECT=0.8006
ROUTE_PAYMENT_SUCCESS=0.8006
