ROUTE_PAYMENT_MES_AV=5.6754000000000016
ROUTE_PAYMENT_MES_AV_SUCC=4.781700753498386
ROUTE_PAYMENT_HOPS_AV=21.595800000000004
ROUTE_PAYMENT_HOPS_AV_SUCC=18.213024757804092
ROUTE_PAYMENT_SUCCESS_DIRECT=0.929
ROUTE_PAYMENT_SUCCESS=0.929
