ROUTE_PAYMENT_MES_AV=5.3027999999999995
ROUTE_PAYMENT_MES_AV_SUCC=4.521077024939309
ROUTE_PAYMENT_HOPS_AV=5.227499999999998
ROUTE_PAYMENT_HOPS_AV_SUCC=4.515338777311856
ROUTE_PAYMENT_SUCCESS_DIRECT=0.9062
ROUTE_PAYMENT_SUCCESS=0.9062
