ROUTE_PAYMENT_MES_AV=5.936500000000002
ROUTE_PAYMENT_MES_AV_SUCC=4.744520842286205
ROUTE_PAYMENT_HOPS_AV=9.248699999999998
ROUTE_PAYMENT_HOPS_AV_SUCC=7.453910614525141
ROUTE_PAYMENT_SUCCESS_DIRECT=0.9308
ROUTE_PAYMENT_SUCCESS=0.9308
