ROUTE_PAYMENT_MES_AV=5.4129499999999995	5.4171999999999985	5.146800000000004	5.663900000000003	0.012654492499999937	0.012145710499999853	0.013163274500000016	5.363648124585366	5.4622518754146325
ROUTE_PAYMENT_MES_AV_SUCC=4.610003734218365	4.607585307541838	4.484249402563544	4.761600865332614	0.004380872731626154	0.003596728413326185	0.005339271342881671	4.58099549341871	4.63901197501802
ROUTE_PAYMENT_HOPS_AV=5.262265	5.262699999999999	5.023600000000002	5.485299999999999	0.010635905274999819	0.010135396524999885	0.011136414024999755	5.217066054379312	5.307463945620689
ROUTE_PAYMENT_HOPS_AV_SUCC=4.564036067618686	4.566878283712787	4.455029328698672	4.711627906976744	0.00368705738224135	0.0032553332531708003	0.004118781511311899	4.537423852716861	4.590648282520512
ROUTE_PAYMENT_SUCCESS_DIRECT=0.918675	0.9196	0.9087	0.9283	3.0512875000000083E-5	3.999562500000039E-5	2.4191041666666536E-5	0.9162540677353549	0.9210959322646451
ROUTE_PAYMENT_SUCCESS=0.918675	0.9196	0.9087	0.9283	3.0512875000000083E-5	3.999562500000039E-5	2.4191041666666536E-5	0.9162540677353549	0.9210959322646451
