ROUTE_PAYMENT_MES_AV=5.6749
ROUTE_PAYMENT_MES_AV_SUCC=4.5672363753627865
ROUTE_PAYMENT_HOPS_AV=17.746400000000012
ROUTE_PAYMENT_HOPS_AV_SUCC=14.511340427818974
ROUTE_PAYMENT_SUCCESS_DIRECT=0.9303
ROUTE_PAYMENT_SUCCESS=0.9303
