ROUTE_PAYMENT_MES_AV=5.7547000000000015
ROUTE_PAYMENT_MES_AV_SUCC=4.696012931034482
ROUTE_PAYMENT_HOPS_AV=5.464399999999999
ROUTE_PAYMENT_HOPS_AV_SUCC=4.595689655172417
ROUTE_PAYMENT_SUCCESS_DIRECT=0.928
ROUTE_PAYMENT_SUCCESS=0.928
