ROUTE_PAYMENT_MES_AV=5.705600000000001
ROUTE_PAYMENT_MES_AV_SUCC=4.7235964723596435
ROUTE_PAYMENT_HOPS_AV=33.27130000000001
ROUTE_PAYMENT_HOPS_AV_SUCC=27.287373628737374
ROUTE_PAYMENT_SUCCESS_DIRECT=0.9298
ROUTE_PAYMENT_SUCCESS=0.9298
