ROUTE_PAYMENT_MES_AV=5.6557999999999975
ROUTE_PAYMENT_MES_AV_SUCC=4.694546238413452
ROUTE_PAYMENT_HOPS_AV=39.714699999999986
ROUTE_PAYMENT_HOPS_AV_SUCC=32.76859236904505
ROUTE_PAYMENT_SUCCESS_DIRECT=0.9278
ROUTE_PAYMENT_SUCCESS=0.9278
