ROUTE_PAYMENT_MES_AV=3.9787
ROUTE_PAYMENT_MES_AV_SUCC=3.645133053221289
ROUTE_PAYMENT_HOPS_AV=3.1669
ROUTE_PAYMENT_HOPS_AV_SUCC=3.5866596638655466
ROUTE_PAYMENT_SUCCESS_DIRECT=0.5712
ROUTE_PAYMENT_SUCCESS=0.5712
