ROUTE_PAYMENT_MES_AV=5.623600000000002
ROUTE_PAYMENT_MES_AV_SUCC=4.8877132654410795
ROUTE_PAYMENT_HOPS_AV=3.9348
ROUTE_PAYMENT_HOPS_AV_SUCC=4.021293479698452
ROUTE_PAYMENT_SUCCESS_DIRECT=0.7561
ROUTE_PAYMENT_SUCCESS=0.7561
