ROUTE_PAYMENT_MES_AV=3.731799999999999
ROUTE_PAYMENT_MES_AV_SUCC=3.8485059068797782
ROUTE_PAYMENT_HOPS_AV=17.695800000000002
ROUTE_PAYMENT_HOPS_AV_SUCC=23.8333912439194
ROUTE_PAYMENT_SUCCESS_DIRECT=0.5756
ROUTE_PAYMENT_SUCCESS=0.5756
