ROUTE_PAYMENT_MES_AV=5.961445	5.975300000000001	5.643599999999997	6.311300000000001	0.028101317474999866	0.031150297913888864	0.025606697115908853	5.887975951683053	6.034914048316947
ROUTE_PAYMENT_MES_AV_SUCC=4.833219658820503	4.8378988076055425	4.715440146535934	4.9176861987550975	0.002515708233409835	0.0028774850392371968	0.0021539314275824733	4.811237456076616	4.85520186156439
ROUTE_PAYMENT_HOPS_AV=5.6345800000000015	5.636499999999999	5.397299999999999	5.911099999999998	0.019245322599999996	0.018488863800000387	0.020001781399999596	5.573779987129871	5.695380012870132
ROUTE_PAYMENT_HOPS_AV_SUCC=4.695128961418506	4.697552634391367	4.578385949789895	4.769156471345782	0.0020364652786094045	0.002342785458108704	0.0017301450991101062	4.675351088663447	4.714906834173565
ROUTE_PAYMENT_SUCCESS_DIRECT=0.934605	0.9351	0.9281	0.9448	1.7766475000000012E-5	1.5091325000000136E-5	2.0441624999999877E-5	0.9327576818038031	0.9364523181961969
ROUTE_PAYMENT_SUCCESS=0.934605	0.9351	0.9281	0.9448	1.7766475000000012E-5	1.5091325000000136E-5	2.0441624999999877E-5	0.9327576818038031	0.9364523181961969
