ROUTE_PAYMENT_MES_AV=5.905299999999999
ROUTE_PAYMENT_MES_AV_SUCC=4.689349428479865
ROUTE_PAYMENT_HOPS_AV=5.6155000000000035
ROUTE_PAYMENT_HOPS_AV_SUCC=4.57632731545775
ROUTE_PAYMENT_SUCCESS_DIRECT=0.9361
ROUTE_PAYMENT_SUCCESS=0.9361
