ROUTE_PAYMENT_MES_AV=5.6992
ROUTE_PAYMENT_MES_AV_SUCC=4.736244730299428
ROUTE_PAYMENT_HOPS_AV=5.427600000000004
ROUTE_PAYMENT_HOPS_AV_SUCC=4.639174143335855
ROUTE_PAYMENT_SUCCESS_DIRECT=0.9251
ROUTE_PAYMENT_SUCCESS=0.9251
