ROUTE_PAYMENT_MES_AV=6.271099999999999
ROUTE_PAYMENT_MES_AV_SUCC=5.1351144062380145
ROUTE_PAYMENT_HOPS_AV=20.44499999999999
ROUTE_PAYMENT_HOPS_AV_SUCC=19.50031957049725
ROUTE_PAYMENT_SUCCESS_DIRECT=0.7823
ROUTE_PAYMENT_SUCCESS=0.7823
