ROUTE_PAYMENT_MES_AV=5.025900000000002
ROUTE_PAYMENT_MES_AV_SUCC=4.534407188253342
ROUTE_PAYMENT_HOPS_AV=31.538599999999985
ROUTE_PAYMENT_HOPS_AV_SUCC=28.068814376506687
ROUTE_PAYMENT_SUCCESS_DIRECT=0.9126
ROUTE_PAYMENT_SUCCESS=0.9126
