ROUTE_PAYMENT_MES_AV=5.096300000000001
ROUTE_PAYMENT_MES_AV_SUCC=4.467814949762614
ROUTE_PAYMENT_HOPS_AV=32.64419999999998
ROUTE_PAYMENT_HOPS_AV_SUCC=28.15965551507121
ROUTE_PAYMENT_SUCCESS_DIRECT=0.9057
ROUTE_PAYMENT_SUCCESS=0.9057
