ROUTE_PAYMENT_MES_AV=8.954500000000001
ROUTE_PAYMENT_MES_AV_SUCC=7.45868828902802
ROUTE_PAYMENT_HOPS_AV=5.0580000000000025
ROUTE_PAYMENT_HOPS_AV_SUCC=4.641588833008316
ROUTE_PAYMENT_SUCCESS_DIRECT=0.9743
ROUTE_PAYMENT_SUCCESS=0.9743
