ROUTE_PAYMENT_MES_AV=5.724500000000002
ROUTE_PAYMENT_MES_AV_SUCC=4.7233951802090015
ROUTE_PAYMENT_HOPS_AV=5.442900000000001
ROUTE_PAYMENT_HOPS_AV_SUCC=4.603860098101942
ROUTE_PAYMENT_SUCCESS_DIRECT=0.9378
ROUTE_PAYMENT_SUCCESS=0.9378
