ROUTE_PAYMENT_MES_AV=5.385300000000001
ROUTE_PAYMENT_MES_AV_SUCC=4.594887683965918
ROUTE_PAYMENT_HOPS_AV=5.293100000000001
ROUTE_PAYMENT_HOPS_AV_SUCC=4.58249419054996
ROUTE_PAYMENT_SUCCESS_DIRECT=0.9037
ROUTE_PAYMENT_SUCCESS=0.9037
