ROUTE_PAYMENT_MES_AV=5.918400000000002
ROUTE_PAYMENT_MES_AV_SUCC=4.761894440229761
ROUTE_PAYMENT_HOPS_AV=5.591199999999999
ROUTE_PAYMENT_HOPS_AV_SUCC=4.63975289910047
ROUTE_PAYMENT_SUCCESS_DIRECT=0.9227
ROUTE_PAYMENT_SUCCESS=0.9227
