ROUTE_PAYMENT_MES_AV=8.671999999999997
ROUTE_PAYMENT_MES_AV_SUCC=6.837333333333335
ROUTE_PAYMENT_HOPS_AV=4.9692
ROUTE_PAYMENT_HOPS_AV_SUCC=4.462506666666669
ROUTE_PAYMENT_SUCCESS_DIRECT=0.9375
ROUTE_PAYMENT_SUCCESS=0.9375
