ROUTE_PAYMENT_MES_AV=5.933500000000004
ROUTE_PAYMENT_MES_AV_SUCC=4.800579896907215
ROUTE_PAYMENT_HOPS_AV=5.549200000000001
ROUTE_PAYMENT_HOPS_AV_SUCC=4.644437285223368
ROUTE_PAYMENT_SUCCESS_DIRECT=0.9312
ROUTE_PAYMENT_SUCCESS=0.9312
