ROUTE_PAYMENT_MES_AV=10.54
ROUTE_PAYMENT_MES_AV_SUCC=11.171428571428569
ROUTE_PAYMENT_HOPS_AV=3.03
ROUTE_PAYMENT_HOPS_AV_SUCC=3.4142857142857146
ROUTE_PAYMENT_SUCCESS_DIRECT=0.7
ROUTE_PAYMENT_SUCCESS=0.7
ROUTE_PAYMENT_FEE_AV=1.1578366736513113
ROUTE_PAYMENT_FEE_MED=2.3156733473026225
ROUTE_PAYMENT_FEE_Q1=0.9655943819031026
ROUTE_PAYMENT_FEE_Q3=1.3500789653995198
