ROUTE_PAYMENT_MES_AV=18.1
ROUTE_PAYMENT_MES_AV_SUCC=18.03030303030303
ROUTE_PAYMENT_HOPS_AV=2.66
ROUTE_PAYMENT_HOPS_AV_SUCC=2.8787878787878785
ROUTE_PAYMENT_SUCCESS_DIRECT=0.33
ROUTE_PAYMENT_SUCCESS=0.33
ROUTE_PAYMENT_FEE_AV=1.480874886535418
ROUTE_PAYMENT_FEE_MED=0.8219515176937726
ROUTE_PAYMENT_FEE_Q1=0.29798572712535015
ROUTE_PAYMENT_FEE_Q3=1.8007954502950443
