ROUTE_PAYMENT_MES_AV=10.066499999999998
ROUTE_PAYMENT_MES_AV_SUCC=7.364273927392739
ROUTE_PAYMENT_HOPS_AV=5.2875999999999985
ROUTE_PAYMENT_HOPS_AV_SUCC=4.588180693069306
ROUTE_PAYMENT_SUCCESS_DIRECT=0.9696
ROUTE_PAYMENT_SUCCESS=0.9696
