ROUTE_PAYMENT_MES_AV=5.160400000000002
ROUTE_PAYMENT_MES_AV_SUCC=4.471852836879434
ROUTE_PAYMENT_HOPS_AV=5.076200000000001
ROUTE_PAYMENT_HOPS_AV_SUCC=4.461879432624114
ROUTE_PAYMENT_SUCCESS_DIRECT=0.9024
ROUTE_PAYMENT_SUCCESS=0.9024
