ROUTE_PAYMENT_MES_AV=7.68
ROUTE_PAYMENT_MES_AV_SUCC=6.614193548387096
ROUTE_PAYMENT_HOPS_AV=7.927800000000001
ROUTE_PAYMENT_HOPS_AV_SUCC=7.365591397849466
ROUTE_PAYMENT_SUCCESS_DIRECT=0.93
ROUTE_PAYMENT_SUCCESS=0.93
