ROUTE_PAYMENT_MES_AV=6.5825000000000005
ROUTE_PAYMENT_MES_AV_SUCC=5.00701754385965
ROUTE_PAYMENT_HOPS_AV=25.470500000000023
ROUTE_PAYMENT_HOPS_AV_SUCC=23.483400809716606
ROUTE_PAYMENT_SUCCESS_DIRECT=0.741
ROUTE_PAYMENT_SUCCESS=0.741
