ROUTE_PAYMENT_MES_AV=5.197799999999999
ROUTE_PAYMENT_MES_AV_SUCC=4.5191135734072
ROUTE_PAYMENT_HOPS_AV=5.140699999999998
ROUTE_PAYMENT_HOPS_AV_SUCC=4.5187811634349
ROUTE_PAYMENT_SUCCESS_DIRECT=0.9025
ROUTE_PAYMENT_SUCCESS=0.9025
