ROUTE_PAYMENT_MES_AV=4.2746
ROUTE_PAYMENT_MES_AV_SUCC=3.882575757575757
ROUTE_PAYMENT_HOPS_AV=3.3447999999999998
ROUTE_PAYMENT_HOPS_AV_SUCC=3.703557312252964
ROUTE_PAYMENT_SUCCESS_DIRECT=0.6072
ROUTE_PAYMENT_SUCCESS=0.6072
