ROUTE_PAYMENT_MES_AV=5.784740000000001	5.7715000000000005	5.642699999999998	6.193400000000003	0.014482069399999973	0.007095771418181792	0.023509766933333308	5.731998025346487	5.837481974653516
ROUTE_PAYMENT_MES_AV_SUCC=4.741274710687842	4.733412322274884	4.662557616036018	4.831910986280652	0.002391164648090977	0.0018813823335023813	0.003155838119973869	4.719843543999924	4.762705877375759
ROUTE_PAYMENT_HOPS_AV=5.513895	5.510799999999999	5.373700000000001	5.8672999999999975	0.011206290474999882	0.004411993167857018	0.02705965085833323	5.4674999110956986	5.560290088904301
ROUTE_PAYMENT_HOPS_AV_SUCC=4.636398157909394	4.630364459780031	4.5749215622633335	4.7165388354758555	0.0020552389533163825	0.0014655940360013262	0.0031502937997586297	4.6165293306125195	4.656266985206268
ROUTE_PAYMENT_SUCCESS_DIRECT=0.9288649999999998	0.9284	0.9163	0.938	2.8833274999999887E-5	3.0945043181816713E-5	2.6252225000001536E-5	0.9265116416630694	0.9312183583369302
ROUTE_PAYMENT_SUCCESS=0.9288649999999998	0.9284	0.9163	0.938	2.8833274999999887E-5	3.0945043181816713E-5	2.6252225000001536E-5	0.9265116416630694	0.9312183583369302
