ROUTE_PAYMENT_MES_AV=10.55
ROUTE_PAYMENT_MES_AV_SUCC=9.827586206896552
ROUTE_PAYMENT_HOPS_AV=2.8800000000000003
ROUTE_PAYMENT_HOPS_AV_SUCC=3.5517241379310343
ROUTE_PAYMENT_SUCCESS_DIRECT=0.58
ROUTE_PAYMENT_SUCCESS=0.58
ROUTE_PAYMENT_FEE_AV=3.827903550051328
ROUTE_PAYMENT_FEE_MED=1.8855594701688743
ROUTE_PAYMENT_FEE_Q1=1.7492792178793042
ROUTE_PAYMENT_FEE_Q3=2.398053786532934
