ROUTE_PAYMENT_MES_AV=18.26
ROUTE_PAYMENT_MES_AV_SUCC=13.759259259259256
ROUTE_PAYMENT_HOPS_AV=2.87
ROUTE_PAYMENT_HOPS_AV_SUCC=3.518518518518518
ROUTE_PAYMENT_SUCCESS_DIRECT=0.54
ROUTE_PAYMENT_SUCCESS=0.54
ROUTE_PAYMENT_FEE_AV=0.9453800392649191
ROUTE_PAYMENT_FEE_MED=0.9833405693205238
ROUTE_PAYMENT_FEE_Q1=0.9368568808934553
ROUTE_PAYMENT_FEE_Q3=1.0052691327393501
