ROUTE_PAYMENT_MES_AV=5.8043000000000005
ROUTE_PAYMENT_MES_AV_SUCC=4.798996584116141
ROUTE_PAYMENT_HOPS_AV=5.496900000000002
ROUTE_PAYMENT_HOPS_AV_SUCC=4.677625960717337
ROUTE_PAYMENT_SUCCESS_DIRECT=0.9368
ROUTE_PAYMENT_SUCCESS=0.9368
