ROUTE_PAYMENT_MES_AV=4.529699999999997
ROUTE_PAYMENT_MES_AV_SUCC=4.074085651766176
ROUTE_PAYMENT_HOPS_AV=3.4565000000000006
ROUTE_PAYMENT_HOPS_AV_SUCC=3.7641450453266647
ROUTE_PAYMENT_SUCCESS_DIRECT=0.6398
ROUTE_PAYMENT_SUCCESS=0.6398
