ROUTE_PAYMENT_MES_AV=5.937999999999995
ROUTE_PAYMENT_MES_AV_SUCC=4.8100323624595465
ROUTE_PAYMENT_HOPS_AV=19.505399999999998
ROUTE_PAYMENT_HOPS_AV_SUCC=16.05631067961165
ROUTE_PAYMENT_SUCCESS_DIRECT=0.927
ROUTE_PAYMENT_SUCCESS=0.927
