ROUTE_PAYMENT_MES_AV=5.829199999999999
ROUTE_PAYMENT_MES_AV_SUCC=4.612506797172377
ROUTE_PAYMENT_HOPS_AV=42.007700000000035
ROUTE_PAYMENT_HOPS_AV_SUCC=33.16084828711255
ROUTE_PAYMENT_SUCCESS_DIRECT=0.9195
ROUTE_PAYMENT_SUCCESS=0.9195
