ROUTE_PAYMENT_MES_AV=11.3691
ROUTE_PAYMENT_MES_AV_SUCC=11.362987535182949
ROUTE_PAYMENT_HOPS_AV=3.9775999999999994
ROUTE_PAYMENT_HOPS_AV_SUCC=3.9749698431845593
ROUTE_PAYMENT_SUCCESS_DIRECT=0.9948
ROUTE_PAYMENT_SUCCESS=0.9948
ROUTE_PAYMENT_FEE_AV=2.4147777440685454
ROUTE_PAYMENT_FEE_MED=4.15342742997999
ROUTE_PAYMENT_FEE_Q1=1.8453804464670691
ROUTE_PAYMENT_FEE_Q3=3.007584792064974
