ROUTE_PAYMENT_MES_AV=5.833765000000001	5.8407000000000036	5.518899999999998	6.132299999999998	0.02695006027499978	0.027442584625000148	0.026457535924999425	5.761816632557633	5.905713367442369
ROUTE_PAYMENT_MES_AV_SUCC=4.782762046108212	4.764294174652742	4.6539803707742635	4.918653576437584	0.005332668654472924	0.003936598396791728	0.00742677404099472	4.750757374649952	4.814766717566473
ROUTE_PAYMENT_HOPS_AV=9.234215	9.248699999999998	7.8692	11.117299999999998	0.586541648275	0.5020145409250006	0.6710687556249991	8.898562024740341	9.56986797525966
ROUTE_PAYMENT_HOPS_AV_SUCC=7.581241371732832	7.390225482792104	6.39123031077054	8.962930847604596	0.4125688968638571	0.2559624824308196	0.7034093808109267	7.299734295960997	7.862748447504668
ROUTE_PAYMENT_SUCCESS_DIRECT=0.9308499999999998	0.9308	0.9142	0.9427	4.947249999999998E-5	5.254431818181668E-5	4.5718055555557325E-5	0.9277673586326007	0.933932641367399
ROUTE_PAYMENT_SUCCESS=0.9308499999999998	0.9308	0.9142	0.9427	4.947249999999998E-5	5.254431818181668E-5	4.5718055555557325E-5	0.9277673586326007	0.933932641367399
