ROUTE_PAYMENT_MES_AV=6.3431999999999995
ROUTE_PAYMENT_MES_AV_SUCC=5.0428902627511585
ROUTE_PAYMENT_HOPS_AV=4.146100000000001
ROUTE_PAYMENT_HOPS_AV_SUCC=3.990597630087584
ROUTE_PAYMENT_SUCCESS_DIRECT=0.7764
ROUTE_PAYMENT_SUCCESS=0.7764
