ROUTE_PAYMENT_MES_AV=6.0832000000000015
ROUTE_PAYMENT_MES_AV_SUCC=5.335907335907334
ROUTE_PAYMENT_HOPS_AV=4.0779999999999985
ROUTE_PAYMENT_HOPS_AV_SUCC=4.062258687258686
ROUTE_PAYMENT_SUCCESS_DIRECT=0.8288
ROUTE_PAYMENT_SUCCESS=0.8288
