ROUTE_PAYMENT_MES_AV=4.946999999999998
ROUTE_PAYMENT_MES_AV_SUCC=4.476562500000003
ROUTE_PAYMENT_HOPS_AV=33.5181
ROUTE_PAYMENT_HOPS_AV_SUCC=29.699603873239433
ROUTE_PAYMENT_SUCCESS_DIRECT=0.9088
ROUTE_PAYMENT_SUCCESS=0.9088
