ROUTE_PAYMENT_MES_AV=6.540200000000002
ROUTE_PAYMENT_MES_AV_SUCC=5.246738296239447
ROUTE_PAYMENT_HOPS_AV=4.175500000000001
ROUTE_PAYMENT_HOPS_AV_SUCC=4.034407776925045
ROUTE_PAYMENT_SUCCESS_DIRECT=0.7818
ROUTE_PAYMENT_SUCCESS=0.7818
