ROUTE_PAYMENT_MES_AV=4.908700000000003
ROUTE_PAYMENT_MES_AV_SUCC=4.287077931329249
ROUTE_PAYMENT_HOPS_AV=3.6303000000000014
ROUTE_PAYMENT_HOPS_AV_SUCC=3.785866932611483
ROUTE_PAYMENT_SUCCESS_DIRECT=0.7019
ROUTE_PAYMENT_SUCCESS=0.7019
