ROUTE_PAYMENT_MES_AV=4.2715000000000005
ROUTE_PAYMENT_MES_AV_SUCC=4.0348672844353715
ROUTE_PAYMENT_HOPS_AV=14.439499999999999
ROUTE_PAYMENT_HOPS_AV_SUCC=18.28632008795351
ROUTE_PAYMENT_SUCCESS_DIRECT=0.6367
ROUTE_PAYMENT_SUCCESS=0.6367
