ROUTE_PAYMENT_MES_AV=5.419099999999999
ROUTE_PAYMENT_MES_AV_SUCC=4.738700187215834
ROUTE_PAYMENT_HOPS_AV=3.8501
ROUTE_PAYMENT_HOPS_AV_SUCC=3.945707408397968
ROUTE_PAYMENT_SUCCESS_DIRECT=0.7478
ROUTE_PAYMENT_SUCCESS=0.7478
