ROUTE_PAYMENT_MES_AV=6.923700000000004
ROUTE_PAYMENT_MES_AV_SUCC=5.64329120077783
ROUTE_PAYMENT_HOPS_AV=15.877299999999993
ROUTE_PAYMENT_HOPS_AV_SUCC=14.846985901798735
ROUTE_PAYMENT_SUCCESS_DIRECT=0.8228
ROUTE_PAYMENT_SUCCESS=0.8228
