ROUTE_PAYMENT_MES_AV=5.687700000000002
ROUTE_PAYMENT_MES_AV_SUCC=4.710729613733906
ROUTE_PAYMENT_HOPS_AV=21.63429999999999
ROUTE_PAYMENT_HOPS_AV_SUCC=17.289699570815454
ROUTE_PAYMENT_SUCCESS_DIRECT=0.932
ROUTE_PAYMENT_SUCCESS=0.932
