ROUTE_PAYMENT_MES_AV=1.6	1.6	1.6	1.6	0.0	0.0	0.0	1.6	1.6
ROUTE_PAYMENT_MES_AV_SUCC=1.8333333333333333	1.8333333333333333	1.8333333333333333	1.8333333333333333	0.0	0.0	0.0	1.8333333333333333	1.8333333333333333
ROUTE_PAYMENT_HOPS_AV=1.6	1.6	1.6	1.6	0.0	0.0	0.0	1.6	1.6
ROUTE_PAYMENT_HOPS_AV_SUCC=1.8333333333333333	1.8333333333333333	1.8333333333333333	1.8333333333333333	0.0	0.0	0.0	1.8333333333333333	1.8333333333333333
ROUTE_PAYMENT_SUCCESS_DIRECT=0.8	0.8	0.8	0.8	0.0	0.0	0.0	0.8	0.8
ROUTE_PAYMENT_SUCCESS=0.8	0.8	0.8	0.8	0.0	0.0	0.0	0.8	0.8
