ROUTE_PAYMENT_MES_AV=5.098899999999998
ROUTE_PAYMENT_MES_AV_SUCC=4.466681376875552
ROUTE_PAYMENT_HOPS_AV=5.0305
ROUTE_PAYMENT_HOPS_AV_SUCC=4.4624889673433366
ROUTE_PAYMENT_SUCCESS_DIRECT=0.9064
ROUTE_PAYMENT_SUCCESS=0.9064
