ROUTE_PAYMENT_MES_AV=8.833399999999996
ROUTE_PAYMENT_MES_AV_SUCC=6.9747630819942295
ROUTE_PAYMENT_HOPS_AV=4.999900000000002
ROUTE_PAYMENT_HOPS_AV_SUCC=4.478162340337867
ROUTE_PAYMENT_SUCCESS_DIRECT=0.9708
ROUTE_PAYMENT_SUCCESS=0.9708
