ROUTE_PAYMENT_MES_AV=7.225999999999999
ROUTE_PAYMENT_MES_AV_SUCC=6.418298555377204
ROUTE_PAYMENT_HOPS_AV=6.370800000000001
ROUTE_PAYMENT_HOPS_AV_SUCC=6.126377742108077
ROUTE_PAYMENT_SUCCESS_DIRECT=0.9345
ROUTE_PAYMENT_SUCCESS=0.9345
