ROUTE_PAYMENT_MES_AV=6.1832
ROUTE_PAYMENT_MES_AV_SUCC=4.870670354273673
ROUTE_PAYMENT_HOPS_AV=4.0972
ROUTE_PAYMENT_HOPS_AV_SUCC=3.9677334386935335
ROUTE_PAYMENT_SUCCESS_DIRECT=0.7593
ROUTE_PAYMENT_SUCCESS=0.7593
