ROUTE_PAYMENT_MES_AV=5.792499999999995
ROUTE_PAYMENT_MES_AV_SUCC=4.675830099180681
ROUTE_PAYMENT_HOPS_AV=5.512800000000001
ROUTE_PAYMENT_HOPS_AV_SUCC=4.577619663648126
ROUTE_PAYMENT_SUCCESS_DIRECT=0.9276
ROUTE_PAYMENT_SUCCESS=0.9276
