ROUTE_PAYMENT_MES_AV=6.579499999999997
ROUTE_PAYMENT_MES_AV_SUCC=5.2677125506072855
ROUTE_PAYMENT_HOPS_AV=21.448300000000003
ROUTE_PAYMENT_HOPS_AV_SUCC=19.799215587044543
ROUTE_PAYMENT_SUCCESS_DIRECT=0.7904
ROUTE_PAYMENT_SUCCESS=0.7904
