ROUTE_PAYMENT_MES_AV=5.674200000000003
ROUTE_PAYMENT_MES_AV_SUCC=4.639604390827086
ROUTE_PAYMENT_HOPS_AV=5.402999999999998
ROUTE_PAYMENT_HOPS_AV_SUCC=4.54830996630801
ROUTE_PAYMENT_SUCCESS_DIRECT=0.9201
ROUTE_PAYMENT_SUCCESS=0.9201
