ROUTE_PAYMENT_MES_AV=4.9030000000000005
ROUTE_PAYMENT_MES_AV_SUCC=4.267074102368218
ROUTE_PAYMENT_HOPS_AV=3.6109999999999998
ROUTE_PAYMENT_HOPS_AV_SUCC=3.8216959511077153
ROUTE_PAYMENT_SUCCESS_DIRECT=0.6545
ROUTE_PAYMENT_SUCCESS=0.6545
