ROUTE_PAYMENT_MES_AV=6.787299999999999
ROUTE_PAYMENT_MES_AV_SUCC=5.5048824593128405
ROUTE_PAYMENT_HOPS_AV=15.003999999999994
ROUTE_PAYMENT_HOPS_AV_SUCC=13.969017480409883
ROUTE_PAYMENT_SUCCESS_DIRECT=0.8295
ROUTE_PAYMENT_SUCCESS=0.8295
