ROUTE_PAYMENT_MES_AV=5.5689
ROUTE_PAYMENT_MES_AV_SUCC=4.557503811805703
ROUTE_PAYMENT_HOPS_AV=42.73840000000004
ROUTE_PAYMENT_HOPS_AV_SUCC=34.35297320845132
ROUTE_PAYMENT_SUCCESS_DIRECT=0.9182
ROUTE_PAYMENT_SUCCESS=0.9182
