ROUTE_PAYMENT_MES_AV=5.467700000000001
ROUTE_PAYMENT_MES_AV_SUCC=4.921708185053379
ROUTE_PAYMENT_HOPS_AV=10.3673
ROUTE_PAYMENT_HOPS_AV_SUCC=11.608277316462365
ROUTE_PAYMENT_SUCCESS_DIRECT=0.7587
ROUTE_PAYMENT_SUCCESS=0.7587
