ROUTE_PAYMENT_MES_AV=5.127699999999999
ROUTE_PAYMENT_MES_AV_SUCC=4.430839253996446
ROUTE_PAYMENT_HOPS_AV=5.0710999999999995
ROUTE_PAYMENT_HOPS_AV_SUCC=4.430728241563054
ROUTE_PAYMENT_SUCCESS_DIRECT=0.9008
ROUTE_PAYMENT_SUCCESS=0.9008
