ROUTE_PAYMENT_MES_AV=5.8149000000000015
ROUTE_PAYMENT_MES_AV_SUCC=4.757138204320921
ROUTE_PAYMENT_HOPS_AV=5.538800000000005
ROUTE_PAYMENT_HOPS_AV_SUCC=4.653349256323958
ROUTE_PAYMENT_SUCCESS_DIRECT=0.9211
ROUTE_PAYMENT_SUCCESS=0.9211
