ROUTE_PAYMENT_MES_AV=6.158999999999998
ROUTE_PAYMENT_MES_AV_SUCC=5.514336704342652
ROUTE_PAYMENT_HOPS_AV=8.514899999999997
ROUTE_PAYMENT_HOPS_AV_SUCC=8.83105294467579
ROUTE_PAYMENT_SUCCESS_DIRECT=0.8405
ROUTE_PAYMENT_SUCCESS=0.8405
