ROUTE_PAYMENT_MES_AV=9.808099999999996
ROUTE_PAYMENT_MES_AV_SUCC=7.061704312114989
ROUTE_PAYMENT_HOPS_AV=5.1961
ROUTE_PAYMENT_HOPS_AV_SUCC=4.524229979466121
ROUTE_PAYMENT_SUCCESS_DIRECT=0.974
ROUTE_PAYMENT_SUCCESS=0.974
