ROUTE_PAYMENT_MES_AV=5.673299999999999
ROUTE_PAYMENT_MES_AV_SUCC=4.667205169628433
ROUTE_PAYMENT_HOPS_AV=5.4172
ROUTE_PAYMENT_HOPS_AV_SUCC=4.5763058696822805
ROUTE_PAYMENT_SUCCESS_DIRECT=0.9285
ROUTE_PAYMENT_SUCCESS=0.9285
