ROUTE_PAYMENT_MES_AV=6.232999999999994
ROUTE_PAYMENT_MES_AV_SUCC=4.921293229097656
ROUTE_PAYMENT_HOPS_AV=4.057200000000001
ROUTE_PAYMENT_HOPS_AV_SUCC=3.9672717636146806
ROUTE_PAYMENT_SUCCESS_DIRECT=0.7547
ROUTE_PAYMENT_SUCCESS=0.7547
