ROUTE_PAYMENT_MES_AV=5.268299999999999
ROUTE_PAYMENT_MES_AV_SUCC=4.5217818539141845
ROUTE_PAYMENT_HOPS_AV=19.719700000000003
ROUTE_PAYMENT_HOPS_AV_SUCC=16.24817119772901
ROUTE_PAYMENT_SUCCESS_DIRECT=0.9159
ROUTE_PAYMENT_SUCCESS=0.9159
