ROUTE_PAYMENT_MES_AV=5.087899999999998
ROUTE_PAYMENT_MES_AV_SUCC=4.448840531926586
ROUTE_PAYMENT_HOPS_AV=5.010299999999999
ROUTE_PAYMENT_HOPS_AV_SUCC=4.44213649851632
ROUTE_PAYMENT_SUCCESS_DIRECT=0.9099
ROUTE_PAYMENT_SUCCESS=0.9099
