ROUTE_PAYMENT_MES_AV=8.0251
ROUTE_PAYMENT_MES_AV_SUCC=6.139519209166479
ROUTE_PAYMENT_HOPS_AV=4.751500000000003
ROUTE_PAYMENT_HOPS_AV_SUCC=4.318580094360817
ROUTE_PAYMENT_SUCCESS_DIRECT=0.8902
ROUTE_PAYMENT_SUCCESS=0.8902
