ROUTE_PAYMENT_MES_AV=6.75	6.75	6.75	6.75	0.0	0.0	0.0	6.75	6.75
ROUTE_PAYMENT_MES_AV_SUCC=4.5	4.5	4.5	4.5	0.0	0.0	0.0	4.5	4.5
ROUTE_PAYMENT_HOPS_AV=6.75	6.75	6.75	6.75	0.0	0.0	0.0	6.75	6.75
ROUTE_PAYMENT_HOPS_AV_SUCC=4.5	4.5	4.5	4.5	0.0	0.0	0.0	4.5	4.5
ROUTE_PAYMENT_SUCCESS_DIRECT=0.25	0.25	0.25	0.25	0.0	0.0	0.0	0.25	0.25
ROUTE_PAYMENT_SUCCESS=0.5	0.5	0.5	0.5	0.0	0.0	0.0	0.5	0.5
ROUTE_PAYMENT_FEE_AV=0.100003	0.100003	0.100003	0.100003	0.0	0.0	0.0	0.100003	0.100003
ROUTE_PAYMENT_FEE_MED=0.0	0.0	0.0	0.0	0.0	0.0	0.0	0.0	0.0
ROUTE_PAYMENT_FEE_Q1=0.0	0.0	0.0	0.0	0.0	0.0	0.0	0.0	0.0
ROUTE_PAYMENT_FEE_Q3=0.0	0.0	0.0	0.0	0.0	0.0	0.0	0.0	0.0
