ROUTE_PAYMENT_MES_AV=5.415800000000002
ROUTE_PAYMENT_MES_AV_SUCC=4.616501145912913
ROUTE_PAYMENT_HOPS_AV=5.287300000000001
ROUTE_PAYMENT_HOPS_AV_SUCC=4.586270871985161
ROUTE_PAYMENT_SUCCESS_DIRECT=0.9163
ROUTE_PAYMENT_SUCCESS=0.9163
