ROUTE_PAYMENT_MES_AV=5.011399999999998
ROUTE_PAYMENT_MES_AV_SUCC=4.447382859651049
ROUTE_PAYMENT_HOPS_AV=29.839200000000016
ROUTE_PAYMENT_HOPS_AV_SUCC=26.247338966311858
ROUTE_PAYMENT_SUCCESS_DIRECT=0.9113
ROUTE_PAYMENT_SUCCESS=0.9113
