ROUTE_PAYMENT_MES_AV=6.136199999999998
ROUTE_PAYMENT_MES_AV_SUCC=4.874066168623266
ROUTE_PAYMENT_HOPS_AV=5.804699999999999
ROUTE_PAYMENT_HOPS_AV_SUCC=4.732550693703308
ROUTE_PAYMENT_SUCCESS_DIRECT=0.937
ROUTE_PAYMENT_SUCCESS=0.937
