ROUTE_PAYMENT_MES_AV=8.118899999999996
ROUTE_PAYMENT_MES_AV_SUCC=6.734102810729934
ROUTE_PAYMENT_HOPS_AV=4.743999999999999
ROUTE_PAYMENT_HOPS_AV_SUCC=4.390616650635889
ROUTE_PAYMENT_SUCCESS_DIRECT=0.9357
ROUTE_PAYMENT_SUCCESS=0.9357
