ROUTE_PAYMENT_MES_AV=5.1325
ROUTE_PAYMENT_MES_AV_SUCC=4.602381739993383
ROUTE_PAYMENT_HOPS_AV=39.95419999999997
ROUTE_PAYMENT_HOPS_AV_SUCC=35.179292093946415
ROUTE_PAYMENT_SUCCESS_DIRECT=0.9069
ROUTE_PAYMENT_SUCCESS=0.9069
