ROUTE_PAYMENT_MES_AV=5.684399999999998
ROUTE_PAYMENT_MES_AV_SUCC=4.755448201825016
ROUTE_PAYMENT_HOPS_AV=5.4376
ROUTE_PAYMENT_HOPS_AV_SUCC=4.668491680085886
ROUTE_PAYMENT_SUCCESS_DIRECT=0.9315
ROUTE_PAYMENT_SUCCESS=0.9315
