ROUTE_PAYMENT_MES_AV=4.037399999999999
ROUTE_PAYMENT_MES_AV_SUCC=3.994006155839948
ROUTE_PAYMENT_HOPS_AV=15.452499999999997
ROUTE_PAYMENT_HOPS_AV_SUCC=19.798963226956108
ROUTE_PAYMENT_SUCCESS_DIRECT=0.6173
ROUTE_PAYMENT_SUCCESS=0.6173
