ROUTE_PAYMENT_MES_AV=5.8439999999999985
ROUTE_PAYMENT_MES_AV_SUCC=4.715094134290999
ROUTE_PAYMENT_HOPS_AV=5.569099999999998
ROUTE_PAYMENT_HOPS_AV_SUCC=4.62846882141691
ROUTE_PAYMENT_SUCCESS_DIRECT=0.9189
ROUTE_PAYMENT_SUCCESS=0.9189
