ROUTE_PAYMENT_MES_AV=5.4113
ROUTE_PAYMENT_MES_AV_SUCC=4.658149396542348
ROUTE_PAYMENT_HOPS_AV=16.216600000000003
ROUTE_PAYMENT_HOPS_AV_SUCC=14.043492443187999
ROUTE_PAYMENT_SUCCESS_DIRECT=0.9197
ROUTE_PAYMENT_SUCCESS=0.9197
