ROUTE_PAYMENT_MES_AV=3.4672
ROUTE_PAYMENT_MES_AV_SUCC=3.6786839341967097
ROUTE_PAYMENT_HOPS_AV=19.379099999999994
ROUTE_PAYMENT_HOPS_AV_SUCC=26.541652082604127
ROUTE_PAYMENT_SUCCESS_DIRECT=0.5714
ROUTE_PAYMENT_SUCCESS=0.5714
