ROUTE_PAYMENT_MES_AV=8.304700000000004
ROUTE_PAYMENT_MES_AV_SUCC=6.811794762614435
ROUTE_PAYMENT_HOPS_AV=7.413099999999997
ROUTE_PAYMENT_HOPS_AV_SUCC=6.711411539280392
ROUTE_PAYMENT_SUCCESS_DIRECT=0.9394
ROUTE_PAYMENT_SUCCESS=0.9394
