ROUTE_PAYMENT_MES_AV=7.190000000000004
ROUTE_PAYMENT_MES_AV_SUCC=5.878987517337033
ROUTE_PAYMENT_HOPS_AV=13.929499999999997
ROUTE_PAYMENT_HOPS_AV_SUCC=12.57732316227462
ROUTE_PAYMENT_SUCCESS_DIRECT=0.8652
ROUTE_PAYMENT_SUCCESS=0.8652
