ROUTE_PAYMENT_MES_AV=5.583100000000002
ROUTE_PAYMENT_MES_AV_SUCC=4.672437896548015
ROUTE_PAYMENT_HOPS_AV=40.642199999999995
ROUTE_PAYMENT_HOPS_AV_SUCC=33.898161092590584
ROUTE_PAYMENT_SUCCESS_DIRECT=0.9299
ROUTE_PAYMENT_SUCCESS=0.9299
