ROUTE_PAYMENT_MES_AV=8.161099999999998
ROUTE_PAYMENT_MES_AV_SUCC=6.765727357803887
ROUTE_PAYMENT_HOPS_AV=4.804900000000003
ROUTE_PAYMENT_HOPS_AV_SUCC=4.413018612873038
ROUTE_PAYMENT_SUCCESS_DIRECT=0.9617
ROUTE_PAYMENT_SUCCESS=0.9617
