ROUTE_PAYMENT_MES_AV=4.186099999999999
ROUTE_PAYMENT_MES_AV_SUCC=3.7908608591476978
ROUTE_PAYMENT_HOPS_AV=3.2805000000000004
ROUTE_PAYMENT_HOPS_AV_SUCC=3.661988704432655
ROUTE_PAYMENT_SUCCESS_DIRECT=0.5843
ROUTE_PAYMENT_SUCCESS=0.5843
