ROUTE_PAYMENT_MES_AV=5.4921999999999995
ROUTE_PAYMENT_MES_AV_SUCC=4.785760102629891
ROUTE_PAYMENT_HOPS_AV=5.290699999999999
ROUTE_PAYMENT_HOPS_AV_SUCC=4.698203976908274
ROUTE_PAYMENT_SUCCESS_DIRECT=0.9354
ROUTE_PAYMENT_SUCCESS=0.9354
