ROUTE_PAYMENT_MES_AV=4.699904999999999	4.7207	4.399700000000002	4.906699999999997	0.019595124474999812	0.02863850852499951	0.013566201775000016	4.638554926575773	4.761255073424226
ROUTE_PAYMENT_MES_AV_SUCC=4.371154942586026	4.364956876985929	4.18	4.538245219347582	0.008978277060915143	0.008568380213512057	0.00947926209663002	4.3296272715959425	4.412682613576109
ROUTE_PAYMENT_HOPS_AV=12.844255	12.817499999999999	11.735600000000002	14.217699999999997	0.37295389247499944	0.2890294558431815	0.47552820391388817	12.576604138490836	13.111905861509165
ROUTE_PAYMENT_HOPS_AV_SUCC=15.57019661666671	15.633308660251677	13.7023340832396	17.61227272727273	1.0075343192614485	1.1795170336771337	0.8928791763176586	15.130279360760854	16.010113872572568
ROUTE_PAYMENT_SUCCESS_DIRECT=0.6798700000000001	0.6808	0.646	0.7165	2.934251000000001E-4	2.868125000000016E-4	3.0003769999999857E-4	0.672362597439327	0.6873774025606731
ROUTE_PAYMENT_SUCCESS=0.6798700000000001	0.6808	0.646	0.7165	2.934251000000001E-4	2.868125000000016E-4	3.0003769999999857E-4	0.672362597439327	0.6873774025606731
