ROUTE_PAYMENT_MES_AV=6.918800000000001
ROUTE_PAYMENT_MES_AV_SUCC=5.421449777337948
ROUTE_PAYMENT_HOPS_AV=4.356400000000001
ROUTE_PAYMENT_HOPS_AV_SUCC=4.100692726373085
ROUTE_PAYMENT_SUCCESS_DIRECT=0.8084
ROUTE_PAYMENT_SUCCESS=0.8084
