ROUTE_PAYMENT_MES_AV=7.367600000000002
ROUTE_PAYMENT_MES_AV_SUCC=5.960715538407574
ROUTE_PAYMENT_HOPS_AV=4.5318
ROUTE_PAYMENT_HOPS_AV_SUCC=4.26294867298024
ROUTE_PAYMENT_SUCCESS_DIRECT=0.8553
ROUTE_PAYMENT_SUCCESS=0.8553
