ROUTE_PAYMENT_MES_AV=19.136199999999995
ROUTE_PAYMENT_MES_AV_SUCC=18.693307960672378
ROUTE_PAYMENT_HOPS_AV=7.832200000000003
ROUTE_PAYMENT_HOPS_AV_SUCC=7.536103182154559
ROUTE_PAYMENT_SUCCESS_DIRECT=0.9459
ROUTE_PAYMENT_SUCCESS=0.9459
ROUTE_PAYMENT_FEE_AV=3.2863583517524724
ROUTE_PAYMENT_FEE_MED=2.403564285275263
ROUTE_PAYMENT_FEE_Q1=1.5569787381431706
ROUTE_PAYMENT_FEE_Q3=3.7235082056113367
