ROUTE_PAYMENT_MES_AV=3.608299999999999
ROUTE_PAYMENT_MES_AV_SUCC=3.7417506078499483
ROUTE_PAYMENT_HOPS_AV=18.12819999999999
ROUTE_PAYMENT_HOPS_AV_SUCC=24.67697117054534
ROUTE_PAYMENT_SUCCESS_DIRECT=0.5758
ROUTE_PAYMENT_SUCCESS=0.5758
