ROUTE_PAYMENT_MES_AV=7.485800000000003
ROUTE_PAYMENT_MES_AV_SUCC=6.31772575250836
ROUTE_PAYMENT_HOPS_AV=9.3132
ROUTE_PAYMENT_HOPS_AV_SUCC=8.781939799331104
ROUTE_PAYMENT_SUCCESS_DIRECT=0.897
ROUTE_PAYMENT_SUCCESS=0.897
