ROUTE_PAYMENT_MES_AV=6.2047
ROUTE_PAYMENT_MES_AV_SUCC=5.337903527358844
ROUTE_PAYMENT_HOPS_AV=4.111
ROUTE_PAYMENT_HOPS_AV_SUCC=4.078399601146702
ROUTE_PAYMENT_SUCCESS_DIRECT=0.8023
ROUTE_PAYMENT_SUCCESS=0.8023
