ROUTE_PAYMENT_MES_AV=5.8721999999999985
ROUTE_PAYMENT_MES_AV_SUCC=4.675522228173541
ROUTE_PAYMENT_HOPS_AV=5.5645999999999995
ROUTE_PAYMENT_HOPS_AV_SUCC=4.546866630958759
ROUTE_PAYMENT_SUCCESS_DIRECT=0.9335
ROUTE_PAYMENT_SUCCESS=0.9335
