ROUTE_PAYMENT_MES_AV=9.6912
ROUTE_PAYMENT_MES_AV_SUCC=7.0269011898603235
ROUTE_PAYMENT_HOPS_AV=5.129
ROUTE_PAYMENT_HOPS_AV_SUCC=4.482048629073979
ROUTE_PAYMENT_SUCCESS_DIRECT=0.9665
ROUTE_PAYMENT_SUCCESS=0.9665
