ROUTE_PAYMENT_MES_AV=5.408900000000005
ROUTE_PAYMENT_MES_AV_SUCC=4.5831704668838205
ROUTE_PAYMENT_HOPS_AV=5.249399999999999
ROUTE_PAYMENT_HOPS_AV_SUCC=4.534201954397395
ROUTE_PAYMENT_SUCCESS_DIRECT=0.921
ROUTE_PAYMENT_SUCCESS=0.921
