ROUTE_PAYMENT_MES_AV=6.5557000000000025
ROUTE_PAYMENT_MES_AV_SUCC=5.238517224163754
ROUTE_PAYMENT_HOPS_AV=18.593399999999985
ROUTE_PAYMENT_HOPS_AV_SUCC=17.086994508237634
ROUTE_PAYMENT_SUCCESS_DIRECT=0.8012
ROUTE_PAYMENT_SUCCESS=0.8012
