ROUTE_PAYMENT_MES_AV=5.800400000000001
ROUTE_PAYMENT_MES_AV_SUCC=4.771871300979233
ROUTE_PAYMENT_HOPS_AV=12.390299999999995
ROUTE_PAYMENT_HOPS_AV_SUCC=10.042289895620355
ROUTE_PAYMENT_SUCCESS_DIRECT=0.9293
ROUTE_PAYMENT_SUCCESS=0.9293
