ROUTE_PAYMENT_MES_AV=5.8882
ROUTE_PAYMENT_MES_AV_SUCC=4.701211120286266
ROUTE_PAYMENT_HOPS_AV=27.319900000000008
ROUTE_PAYMENT_HOPS_AV_SUCC=26.8576933663639
ROUTE_PAYMENT_SUCCESS_DIRECT=0.7266
ROUTE_PAYMENT_SUCCESS=0.7266
