ROUTE_PAYMENT_MES_AV=5.3293
ROUTE_PAYMENT_MES_AV_SUCC=4.666958904109589
ROUTE_PAYMENT_HOPS_AV=21.51050000000001
ROUTE_PAYMENT_HOPS_AV_SUCC=18.5255890410959
ROUTE_PAYMENT_SUCCESS_DIRECT=0.9125
ROUTE_PAYMENT_SUCCESS=0.9125
