ROUTE_PAYMENT_MES_AV=125.72050000000002
ROUTE_PAYMENT_MES_AV_SUCC=93.16447233079623
ROUTE_PAYMENT_HOPS_AV=15.178400000000003
ROUTE_PAYMENT_HOPS_AV_SUCC=13.001645751902895
ROUTE_PAYMENT_SUCCESS_DIRECT=0.9722
ROUTE_PAYMENT_SUCCESS=0.9722
ROUTE_PAYMENT_FEE_AV=0.010566204011985771
ROUTE_PAYMENT_FEE_MED=0.011774728271147438
ROUTE_PAYMENT_FEE_Q1=0.00217271410665649
ROUTE_PAYMENT_FEE_Q3=0.01345612286023071
