ROUTE_PAYMENT_MES_AV=5.842199999999999
ROUTE_PAYMENT_MES_AV_SUCC=4.596356390549388
ROUTE_PAYMENT_HOPS_AV=29.92869999999999
ROUTE_PAYMENT_HOPS_AV_SUCC=29.238257899231407
ROUTE_PAYMENT_SUCCESS_DIRECT=0.7026
ROUTE_PAYMENT_SUCCESS=0.7026
