ROUTE_PAYMENT_MES_AV=5.0403
ROUTE_PAYMENT_MES_AV_SUCC=4.451047409040794
ROUTE_PAYMENT_HOPS_AV=39.878600000000034
ROUTE_PAYMENT_HOPS_AV_SUCC=34.45203969128998
ROUTE_PAYMENT_SUCCESS_DIRECT=0.907
ROUTE_PAYMENT_SUCCESS=0.907
