ROUTE_PAYMENT_MES_AV=9.9826
ROUTE_PAYMENT_MES_AV_SUCC=7.399668839904792
ROUTE_PAYMENT_HOPS_AV=5.257099999999999
ROUTE_PAYMENT_HOPS_AV_SUCC=4.539997930249403
ROUTE_PAYMENT_SUCCESS_DIRECT=0.9663
ROUTE_PAYMENT_SUCCESS=0.9663
