ROUTE_PAYMENT_MES_AV=5.242399999999997
ROUTE_PAYMENT_MES_AV_SUCC=4.504394054464576
ROUTE_PAYMENT_HOPS_AV=19.477399999999992
ROUTE_PAYMENT_HOPS_AV_SUCC=16.454377780188782
ROUTE_PAYMENT_SUCCESS_DIRECT=0.9217
ROUTE_PAYMENT_SUCCESS=0.9217
