ROUTE_PAYMENT_MES_AV=4.314
ROUTE_PAYMENT_MES_AV_SUCC=3.920316793276225
ROUTE_PAYMENT_HOPS_AV=3.3871
ROUTE_PAYMENT_HOPS_AV_SUCC=3.7284629060934216
ROUTE_PAYMENT_SUCCESS_DIRECT=0.6187
ROUTE_PAYMENT_SUCCESS=0.6187
