ROUTE_PAYMENT_MES_AV=5.755099999999996
ROUTE_PAYMENT_MES_AV_SUCC=4.742099018444613
ROUTE_PAYMENT_HOPS_AV=31.9537
ROUTE_PAYMENT_HOPS_AV_SUCC=26.701003128033665
ROUTE_PAYMENT_SUCCESS_DIRECT=0.9271
ROUTE_PAYMENT_SUCCESS=0.9271
