ROUTE_PAYMENT_MES_AV=5.132550000000001	5.1434	4.940999999999999	5.238300000000002	0.005505229499999999	0.006545190500000101	0.004465268499999895	5.100031628540778	5.165068371459224
ROUTE_PAYMENT_MES_AV_SUCC=4.5162723607134705	4.506565988181221	4.418220150909898	4.618419606550172	0.0026110234797574257	0.0023891131705361932	0.0028822471910278213	4.493877598156305	4.538667123270636
ROUTE_PAYMENT_HOPS_AV=26.099395000000005	26.025700000000008	24.12579999999999	29.028300000000023	1.5522405404750204	1.25271489166139	1.9183274445805685	25.55335987016453	26.64543012983548
ROUTE_PAYMENT_HOPS_AV_SUCC=22.68633545458187	22.84131147540983	20.62450066577895	25.590516286284032	1.381261219629255	1.486191888732901	1.2954088539989994	22.171250359605914	23.201420549557824
ROUTE_PAYMENT_SUCCESS_DIRECT=0.90929	0.9114	0.8991	0.9163	2.5600899999999987E-5	3.761960000000041E-5	1.7588433333333034E-5	0.9070724741552803	0.9115075258447198
ROUTE_PAYMENT_SUCCESS=0.90929	0.9114	0.8991	0.9163	2.5600899999999987E-5	3.761960000000041E-5	1.7588433333333034E-5	0.9070724741552803	0.9115075258447198
