ROUTE_PAYMENT_MES_AV=5.894699999999999
ROUTE_PAYMENT_MES_AV_SUCC=4.9333047853548875
ROUTE_PAYMENT_HOPS_AV=5.613000000000004
ROUTE_PAYMENT_HOPS_AV_SUCC=4.81950540627342
ROUTE_PAYMENT_SUCCESS_DIRECT=0.9341
ROUTE_PAYMENT_SUCCESS=0.9341
