ROUTE_PAYMENT_MES_AV=4.744799999999998
ROUTE_PAYMENT_MES_AV_SUCC=4.175452399685288
ROUTE_PAYMENT_HOPS_AV=3.532999999999999
ROUTE_PAYMENT_HOPS_AV_SUCC=3.805192761605036
ROUTE_PAYMENT_SUCCESS_DIRECT=0.6355
ROUTE_PAYMENT_SUCCESS=0.6355
