ROUTE_PAYMENT_MES_AV=5.6294
ROUTE_PAYMENT_MES_AV_SUCC=4.770871485511148
ROUTE_PAYMENT_HOPS_AV=9.868399999999998
ROUTE_PAYMENT_HOPS_AV_SUCC=8.425616718733169
ROUTE_PAYMENT_SUCCESS_DIRECT=0.9283
ROUTE_PAYMENT_SUCCESS=0.9283
