ROUTE_PAYMENT_MES_AV=6.353980000000001	6.378900000000002	6.024399999999997	6.6457000000000015	0.022028909600000188	0.030843542150000448	0.01615248790000002	6.2889314569266315	6.41902854307337
ROUTE_PAYMENT_MES_AV_SUCC=5.018554959872481	5.019545694664554	4.880400421496312	5.175694532538374	0.008233044074520385	0.008057125354153682	0.008408962794887086	4.978788100481351	5.058321819263611
ROUTE_PAYMENT_HOPS_AV=4.1365799999999995	4.153099999999999	4.0139	4.2362	0.0034538366000000376	0.0049211896499999856	0.0024756012333334047	4.110823196352652	4.162336803647347
ROUTE_PAYMENT_HOPS_AV_SUCC=3.9954353944919374	4.010125608818251	3.925066565233929	4.06736014207789	0.0014309104552491356	0.0016355237970056523	0.0012262971134926188	3.9788568155346127	4.012013973449262
ROUTE_PAYMENT_SUCCESS_DIRECT=0.768235	0.7695	0.746	0.7926	1.7123827500000006E-4	1.607399250000004E-4	1.8173662499999975E-4	0.7624998933870415	0.7739701066129585
ROUTE_PAYMENT_SUCCESS=0.768235	0.7695	0.746	0.7926	1.7123827500000006E-4	1.607399250000004E-4	1.8173662499999975E-4	0.7624998933870415	0.7739701066129585
