ROUTE_PAYMENT_MES_AV=6.346000000000002
ROUTE_PAYMENT_MES_AV_SUCC=4.953122901276025
ROUTE_PAYMENT_HOPS_AV=4.109699999999999
ROUTE_PAYMENT_HOPS_AV_SUCC=3.998388179986569
ROUTE_PAYMENT_SUCCESS_DIRECT=0.7445
ROUTE_PAYMENT_SUCCESS=0.7445
