ROUTE_PAYMENT_MES_AV=4.399700000000002
ROUTE_PAYMENT_MES_AV_SUCC=4.18
ROUTE_PAYMENT_HOPS_AV=14.217699999999997
ROUTE_PAYMENT_HOPS_AV_SUCC=17.61227272727273
ROUTE_PAYMENT_SUCCESS_DIRECT=0.66
ROUTE_PAYMENT_SUCCESS=0.66
