ROUTE_PAYMENT_MES_AV=5.949700000000002
ROUTE_PAYMENT_MES_AV_SUCC=4.767163529539768
ROUTE_PAYMENT_HOPS_AV=5.659800000000001
ROUTE_PAYMENT_HOPS_AV_SUCC=4.66967685779567
ROUTE_PAYMENT_SUCCESS_DIRECT=0.9191
ROUTE_PAYMENT_SUCCESS=0.9191
