ROUTE_PAYMENT_MES_AV=5.932699999999998
ROUTE_PAYMENT_MES_AV_SUCC=4.784155648715472
ROUTE_PAYMENT_HOPS_AV=5.603499999999996
ROUTE_PAYMENT_HOPS_AV_SUCC=4.6870901859615195
ROUTE_PAYMENT_SUCCESS_DIRECT=0.9303
ROUTE_PAYMENT_SUCCESS=0.9303
