ROUTE_PAYMENT_MES_AV=4.877700000000002
ROUTE_PAYMENT_MES_AV_SUCC=4.3191892680081665
ROUTE_PAYMENT_HOPS_AV=3.6150999999999995
ROUTE_PAYMENT_HOPS_AV_SUCC=3.842957130358704
ROUTE_PAYMENT_SUCCESS_DIRECT=0.6858
ROUTE_PAYMENT_SUCCESS=0.6858
