ROUTE_PAYMENT_MES_AV=5.148399999999999
ROUTE_PAYMENT_MES_AV_SUCC=4.506493506493506
ROUTE_PAYMENT_HOPS_AV=25.747499999999995
ROUTE_PAYMENT_HOPS_AV_SUCC=22.236167194150372
ROUTE_PAYMENT_SUCCESS_DIRECT=0.9163
ROUTE_PAYMENT_SUCCESS=0.9163
