ROUTE_PAYMENT_MES_AV=5.141399999999999
ROUTE_PAYMENT_MES_AV_SUCC=4.48219923788786
ROUTE_PAYMENT_HOPS_AV=19.1384
ROUTE_PAYMENT_HOPS_AV_SUCC=16.54011976047904
ROUTE_PAYMENT_SUCCESS_DIRECT=0.9185
ROUTE_PAYMENT_SUCCESS=0.9185
