ROUTE_PAYMENT_MES_AV=6.016499999999994
ROUTE_PAYMENT_MES_AV_SUCC=4.737897574123987
ROUTE_PAYMENT_HOPS_AV=29.948700000000006
ROUTE_PAYMENT_HOPS_AV_SUCC=23.364851752021554
ROUTE_PAYMENT_SUCCESS_DIRECT=0.9275
ROUTE_PAYMENT_SUCCESS=0.9275
