ROUTE_PAYMENT_MES_AV=11.44
ROUTE_PAYMENT_MES_AV_SUCC=10.096153846153847
ROUTE_PAYMENT_HOPS_AV=2.75
ROUTE_PAYMENT_HOPS_AV_SUCC=3.4423076923076925
ROUTE_PAYMENT_SUCCESS_DIRECT=0.52
ROUTE_PAYMENT_SUCCESS=0.52
ROUTE_PAYMENT_FEE_AV=1.0002824153197307
ROUTE_PAYMENT_FEE_MED=2.0005648306394614
ROUTE_PAYMENT_FEE_Q1=1.0002824153197307
ROUTE_PAYMENT_FEE_Q3=1.0002824153197307
