ROUTE_PAYMENT_MES_AV=11.820000000000002
ROUTE_PAYMENT_MES_AV_SUCC=10.471698113207546
ROUTE_PAYMENT_HOPS_AV=2.87
ROUTE_PAYMENT_HOPS_AV_SUCC=3.566037735849056
ROUTE_PAYMENT_SUCCESS_DIRECT=0.53
ROUTE_PAYMENT_SUCCESS=0.53
ROUTE_PAYMENT_FEE_AV=1.0000161705615378
ROUTE_PAYMENT_FEE_MED=1.0000186364150654
ROUTE_PAYMENT_FEE_Q1=1.000008314520831
ROUTE_PAYMENT_FEE_Q3=1.0000186364150654
