ROUTE_PAYMENT_MES_AV=5.3398999999999965
ROUTE_PAYMENT_MES_AV_SUCC=4.597932535364526
ROUTE_PAYMENT_HOPS_AV=5.1807
ROUTE_PAYMENT_HOPS_AV_SUCC=4.5472252448313375
ROUTE_PAYMENT_SUCCESS_DIRECT=0.919
ROUTE_PAYMENT_SUCCESS=0.919
