ROUTE_PAYMENT_MES_AV=5.668900000000002
ROUTE_PAYMENT_MES_AV_SUCC=4.654886326904427
ROUTE_PAYMENT_HOPS_AV=43.811799999999984
ROUTE_PAYMENT_HOPS_AV_SUCC=35.69195129835146
ROUTE_PAYMENT_SUCCESS_DIRECT=0.9281
ROUTE_PAYMENT_SUCCESS=0.9281
