ROUTE_PAYMENT_MES_AV=7.567799999999998
ROUTE_PAYMENT_MES_AV_SUCC=6.599527592870944
ROUTE_PAYMENT_HOPS_AV=4.604800000000001
ROUTE_PAYMENT_HOPS_AV_SUCC=4.358063130770883
ROUTE_PAYMENT_SUCCESS_DIRECT=0.9314
ROUTE_PAYMENT_SUCCESS=0.9314
