ROUTE_PAYMENT_MES_AV=5.8392
ROUTE_PAYMENT_MES_AV_SUCC=4.715849340057946
ROUTE_PAYMENT_HOPS_AV=5.4906000000000015
ROUTE_PAYMENT_HOPS_AV_SUCC=4.574847086597275
ROUTE_PAYMENT_SUCCESS_DIRECT=0.9319
ROUTE_PAYMENT_SUCCESS=0.9319
