ROUTE_PAYMENT_MES_AV=5.204600000000002
ROUTE_PAYMENT_MES_AV_SUCC=4.545852005683682
ROUTE_PAYMENT_HOPS_AV=20.018599999999978
ROUTE_PAYMENT_HOPS_AV_SUCC=17.458082850584745
ROUTE_PAYMENT_SUCCESS_DIRECT=0.9149
ROUTE_PAYMENT_SUCCESS=0.9149
