ROUTE_PAYMENT_MES_AV=6.374200000000003
ROUTE_PAYMENT_MES_AV_SUCC=5.6952901998097065
ROUTE_PAYMENT_HOPS_AV=8.463899999999995
ROUTE_PAYMENT_HOPS_AV_SUCC=8.826236917221694
ROUTE_PAYMENT_SUCCESS_DIRECT=0.8408
ROUTE_PAYMENT_SUCCESS=0.8408
