ROUTE_PAYMENT_MES_AV=5.9045999999999985
ROUTE_PAYMENT_MES_AV_SUCC=4.804401502952226
ROUTE_PAYMENT_HOPS_AV=5.5576
ROUTE_PAYMENT_HOPS_AV_SUCC=4.65421363392378
ROUTE_PAYMENT_SUCCESS_DIRECT=0.9315
ROUTE_PAYMENT_SUCCESS=0.9315
