ROUTE_PAYMENT_MES_AV=5.780999999999998
ROUTE_PAYMENT_MES_AV_SUCC=4.737916219119226
ROUTE_PAYMENT_HOPS_AV=5.5022
ROUTE_PAYMENT_HOPS_AV_SUCC=4.621804511278196
ROUTE_PAYMENT_SUCCESS_DIRECT=0.931
ROUTE_PAYMENT_SUCCESS=0.931
