ROUTE_PAYMENT_MES_AV=5.9724
ROUTE_PAYMENT_MES_AV_SUCC=4.773243359040275
ROUTE_PAYMENT_HOPS_AV=9.298299999999992
ROUTE_PAYMENT_HOPS_AV_SUCC=7.367930591259639
ROUTE_PAYMENT_SUCCESS_DIRECT=0.9336
ROUTE_PAYMENT_SUCCESS=0.9336
