ROUTE_PAYMENT_MES_AV=6.568999999999999
ROUTE_PAYMENT_MES_AV_SUCC=5.286006128702759
ROUTE_PAYMENT_HOPS_AV=4.2109999999999985
ROUTE_PAYMENT_HOPS_AV_SUCC=4.108146067415729
ROUTE_PAYMENT_SUCCESS_DIRECT=0.7832
ROUTE_PAYMENT_SUCCESS=0.7832
