ROUTE_PAYMENT_MES_AV=7.249399999999998
ROUTE_PAYMENT_MES_AV_SUCC=5.870832361855909
ROUTE_PAYMENT_HOPS_AV=13.036700000000002
ROUTE_PAYMENT_HOPS_AV_SUCC=11.876661226393098
ROUTE_PAYMENT_SUCCESS_DIRECT=0.8578
ROUTE_PAYMENT_SUCCESS=0.8578
