ROUTE_PAYMENT_MES_AV=3.9936
ROUTE_PAYMENT_MES_AV_SUCC=3.7240908314836942
ROUTE_PAYMENT_HOPS_AV=3.2376
ROUTE_PAYMENT_HOPS_AV_SUCC=3.6697968243127876
ROUTE_PAYMENT_SUCCESS_DIRECT=0.5857
ROUTE_PAYMENT_SUCCESS=0.5857
