ROUTE_PAYMENT_MES_AV=5.727100000000001
ROUTE_PAYMENT_MES_AV_SUCC=4.6749192680301395
ROUTE_PAYMENT_HOPS_AV=5.429200000000001
ROUTE_PAYMENT_HOPS_AV_SUCC=4.557158234660928
ROUTE_PAYMENT_SUCCESS_DIRECT=0.929
ROUTE_PAYMENT_SUCCESS=0.929
