ROUTE_PAYMENT_MES_AV=5.155500000000003
ROUTE_PAYMENT_MES_AV_SUCC=4.521575569816331
ROUTE_PAYMENT_HOPS_AV=23.097299999999986
ROUTE_PAYMENT_HOPS_AV_SUCC=20.137751714981192
ROUTE_PAYMENT_SUCCESS_DIRECT=0.9038
ROUTE_PAYMENT_SUCCESS=0.9038
