ROUTE_PAYMENT_MES_AV=6.751799999999997
ROUTE_PAYMENT_MES_AV_SUCC=5.404693186096124
ROUTE_PAYMENT_HOPS_AV=4.292499999999998
ROUTE_PAYMENT_HOPS_AV_SUCC=4.126866608106414
ROUTE_PAYMENT_SUCCESS_DIRECT=0.7969
ROUTE_PAYMENT_SUCCESS=0.7969
