ROUTE_PAYMENT_MES_AV=6.474100000000002
ROUTE_PAYMENT_MES_AV_SUCC=5.69844916714532
ROUTE_PAYMENT_HOPS_AV=4.195600000000001
ROUTE_PAYMENT_HOPS_AV_SUCC=4.108098793796668
ROUTE_PAYMENT_SUCCESS_DIRECT=0.8705
ROUTE_PAYMENT_SUCCESS=0.8705
