ROUTE_PAYMENT_MES_AV=7.181599999999996
ROUTE_PAYMENT_MES_AV_SUCC=6.358005710520539
ROUTE_PAYMENT_HOPS_AV=6.955999999999999
ROUTE_PAYMENT_HOPS_AV_SUCC=6.789040193279157
ROUTE_PAYMENT_SUCCESS_DIRECT=0.9106
ROUTE_PAYMENT_SUCCESS=0.9106
