ROUTE_PAYMENT_MES_AV=8.353
ROUTE_PAYMENT_MES_AV_SUCC=6.599849527085126
ROUTE_PAYMENT_HOPS_AV=4.826899999999998
ROUTE_PAYMENT_HOPS_AV_SUCC=4.3724204643164235
ROUTE_PAYMENT_SUCCESS_DIRECT=0.9304
ROUTE_PAYMENT_SUCCESS=0.9304
