ROUTE_PAYMENT_MES_AV=5.9899000000000004
ROUTE_PAYMENT_MES_AV_SUCC=5.306538317289661
ROUTE_PAYMENT_HOPS_AV=9.356100000000003
ROUTE_PAYMENT_HOPS_AV_SUCC=9.908738592324037
ROUTE_PAYMENT_SUCCESS_DIRECT=0.7999
ROUTE_PAYMENT_SUCCESS=0.7999
