ROUTE_PAYMENT_MES_AV=5.727800000000003
ROUTE_PAYMENT_MES_AV_SUCC=4.700975081256771
ROUTE_PAYMENT_HOPS_AV=23.64329999999998
ROUTE_PAYMENT_HOPS_AV_SUCC=18.972481040086663
ROUTE_PAYMENT_SUCCESS_DIRECT=0.923
ROUTE_PAYMENT_SUCCESS=0.923
