ROUTE_PAYMENT_MES_AV=5.1461999999999986
ROUTE_PAYMENT_MES_AV_SUCC=4.5796164383561635
ROUTE_PAYMENT_HOPS_AV=5.085999999999999
ROUTE_PAYMENT_HOPS_AV_SUCC=4.579397260273971
ROUTE_PAYMENT_SUCCESS_DIRECT=0.9125
ROUTE_PAYMENT_SUCCESS=0.9125
