ROUTE_PAYMENT_MES_AV=5.541000000000002
ROUTE_PAYMENT_MES_AV_SUCC=4.622629310344826
ROUTE_PAYMENT_HOPS_AV=31.850200000000005
ROUTE_PAYMENT_HOPS_AV_SUCC=26.160452586206894
ROUTE_PAYMENT_SUCCESS_DIRECT=0.928
ROUTE_PAYMENT_SUCCESS=0.928
