ROUTE_PAYMENT_MES_AV=5.774400000000001
ROUTE_PAYMENT_MES_AV_SUCC=4.740171858216973
ROUTE_PAYMENT_HOPS_AV=5.4729
ROUTE_PAYMENT_HOPS_AV_SUCC=4.619441460794842
ROUTE_PAYMENT_SUCCESS_DIRECT=0.931
ROUTE_PAYMENT_SUCCESS=0.931
