ROUTE_PAYMENT_MES_AV=5.5404
ROUTE_PAYMENT_MES_AV_SUCC=4.641164376149769
ROUTE_PAYMENT_HOPS_AV=39.43249999999999
ROUTE_PAYMENT_HOPS_AV_SUCC=32.598420084406456
ROUTE_PAYMENT_SUCCESS_DIRECT=0.9241
ROUTE_PAYMENT_SUCCESS=0.9241
