ROUTE_PAYMENT_MES_AV=5.834900000000002
ROUTE_PAYMENT_MES_AV_SUCC=4.728756392122729
ROUTE_PAYMENT_HOPS_AV=5.5453
ROUTE_PAYMENT_HOPS_AV_SUCC=4.634860189315635
ROUTE_PAYMENT_SUCCESS_DIRECT=0.9191
ROUTE_PAYMENT_SUCCESS=0.9191
