ROUTE_PAYMENT_MES_AV=4.7234
ROUTE_PAYMENT_MES_AV_SUCC=4.3531489111241894
ROUTE_PAYMENT_HOPS_AV=13.089700000000006
ROUTE_PAYMENT_HOPS_AV_SUCC=15.951000588581516
ROUTE_PAYMENT_SUCCESS_DIRECT=0.6796
ROUTE_PAYMENT_SUCCESS=0.6796
