ROUTE_PAYMENT_MES_AV=6.564800000000001
ROUTE_PAYMENT_MES_AV_SUCC=5.289015151515153
ROUTE_PAYMENT_HOPS_AV=4.2276
ROUTE_PAYMENT_HOPS_AV_SUCC=4.087626262626263
ROUTE_PAYMENT_SUCCESS_DIRECT=0.792
ROUTE_PAYMENT_SUCCESS=0.792
