ROUTE_PAYMENT_MES_AV=5.805400000000001
ROUTE_PAYMENT_MES_AV_SUCC=4.671066868643152
ROUTE_PAYMENT_HOPS_AV=36.63490000000001
ROUTE_PAYMENT_HOPS_AV_SUCC=29.14693789223111
ROUTE_PAYMENT_SUCCESS_DIRECT=0.9242
ROUTE_PAYMENT_SUCCESS=0.9242
