ROUTE_PAYMENT_MES_AV=5.625300000000004
ROUTE_PAYMENT_MES_AV_SUCC=4.7022150189086975
ROUTE_PAYMENT_HOPS_AV=21.883599999999994
ROUTE_PAYMENT_HOPS_AV_SUCC=18.363695299837932
ROUTE_PAYMENT_SUCCESS_DIRECT=0.9255
ROUTE_PAYMENT_SUCCESS=0.9255
