ROUTE_PAYMENT_MES_AV=5.069
ROUTE_PAYMENT_MES_AV_SUCC=4.629239606126917
ROUTE_PAYMENT_HOPS_AV=11.388000000000002
ROUTE_PAYMENT_HOPS_AV_SUCC=13.1437363238512
ROUTE_PAYMENT_SUCCESS_DIRECT=0.7312
ROUTE_PAYMENT_SUCCESS=0.7312
