ROUTE_PAYMENT_MES_AV=5.645400000000005
ROUTE_PAYMENT_MES_AV_SUCC=4.747936099496088
ROUTE_PAYMENT_HOPS_AV=5.386300000000001
ROUTE_PAYMENT_HOPS_AV_SUCC=4.628712340516779
ROUTE_PAYMENT_SUCCESS_DIRECT=0.9327
ROUTE_PAYMENT_SUCCESS=0.9327
