ROUTE_PAYMENT_MES_AV=6.294100000000001
ROUTE_PAYMENT_MES_AV_SUCC=4.9460645161290335
ROUTE_PAYMENT_HOPS_AV=4.1252999999999975
ROUTE_PAYMENT_HOPS_AV_SUCC=3.967741935483871
ROUTE_PAYMENT_SUCCESS_DIRECT=0.775
ROUTE_PAYMENT_SUCCESS=0.775
