ROUTE_PAYMENT_MES_AV=5.324900000000001
ROUTE_PAYMENT_MES_AV_SUCC=4.824894514767931
ROUTE_PAYMENT_HOPS_AV=10.409300000000004
ROUTE_PAYMENT_HOPS_AV_SUCC=11.66772151898734
ROUTE_PAYMENT_SUCCESS_DIRECT=0.7584
ROUTE_PAYMENT_SUCCESS=0.7584
