ROUTE_PAYMENT_MES_AV=6.449300000000002
ROUTE_PAYMENT_MES_AV_SUCC=5.101945525291827
ROUTE_PAYMENT_HOPS_AV=4.171400000000001
ROUTE_PAYMENT_HOPS_AV_SUCC=4.034760051880674
ROUTE_PAYMENT_SUCCESS_DIRECT=0.771
ROUTE_PAYMENT_SUCCESS=0.771
