ROUTE_PAYMENT_MES_AV=5.784099999999996
ROUTE_PAYMENT_MES_AV_SUCC=4.748044153895612
ROUTE_PAYMENT_HOPS_AV=5.4974000000000025
ROUTE_PAYMENT_HOPS_AV_SUCC=4.6338013074697235
ROUTE_PAYMENT_SUCCESS_DIRECT=0.9331
ROUTE_PAYMENT_SUCCESS=0.9331
