ROUTE_PAYMENT_MES_AV=5.2639000000000005
ROUTE_PAYMENT_MES_AV_SUCC=4.607962064402292
ROUTE_PAYMENT_HOPS_AV=5.1891
ROUTE_PAYMENT_HOPS_AV_SUCC=4.601345390383765
ROUTE_PAYMENT_SUCCESS_DIRECT=0.9068
ROUTE_PAYMENT_SUCCESS=0.9068
