ROUTE_PAYMENT_MES_AV=5.2276
ROUTE_PAYMENT_MES_AV_SUCC=4.59170567105693
ROUTE_PAYMENT_HOPS_AV=19.5965
ROUTE_PAYMENT_HOPS_AV_SUCC=17.135626428649175
ROUTE_PAYMENT_SUCCESS_DIRECT=0.9187
ROUTE_PAYMENT_SUCCESS=0.9187
