ROUTE_PAYMENT_MES_AV=5.9018
ROUTE_PAYMENT_MES_AV_SUCC=4.798803697661773
ROUTE_PAYMENT_HOPS_AV=42.27450000000002
ROUTE_PAYMENT_HOPS_AV_SUCC=33.98314301250679
ROUTE_PAYMENT_SUCCESS_DIRECT=0.9195
ROUTE_PAYMENT_SUCCESS=0.9195
