ROUTE_PAYMENT_MES_AV=5.902900000000003
ROUTE_PAYMENT_MES_AV_SUCC=4.769239048541599
ROUTE_PAYMENT_HOPS_AV=5.5868
ROUTE_PAYMENT_HOPS_AV_SUCC=4.627919491981488
ROUTE_PAYMENT_SUCCESS_DIRECT=0.9291
ROUTE_PAYMENT_SUCCESS=0.9291
