ROUTE_PAYMENT_MES_AV=7.967899999999994
ROUTE_PAYMENT_MES_AV_SUCC=6.391328765584632
ROUTE_PAYMENT_HOPS_AV=4.692499999999998
ROUTE_PAYMENT_HOPS_AV_SUCC=4.322250926653935
ROUTE_PAYMENT_SUCCESS_DIRECT=0.8903
ROUTE_PAYMENT_SUCCESS=0.8903
