ROUTE_PAYMENT_MES_AV=5.914500000000002
ROUTE_PAYMENT_MES_AV_SUCC=4.676879922321718
ROUTE_PAYMENT_HOPS_AV=5.607799999999999
ROUTE_PAYMENT_HOPS_AV_SUCC=4.598554320854462
ROUTE_PAYMENT_SUCCESS_DIRECT=0.9269
ROUTE_PAYMENT_SUCCESS=0.9269
