ROUTE_PAYMENT_MES_AV=6.289500000000004
ROUTE_PAYMENT_MES_AV_SUCC=5.197984071677452
ROUTE_PAYMENT_HOPS_AV=19.6623
ROUTE_PAYMENT_HOPS_AV_SUCC=18.6506968641115
ROUTE_PAYMENT_SUCCESS_DIRECT=0.8036
ROUTE_PAYMENT_SUCCESS=0.8036
