ROUTE_PAYMENT_MES_AV=6.179999999999996
ROUTE_PAYMENT_MES_AV_SUCC=5.471958688603337
ROUTE_PAYMENT_HOPS_AV=4.159700000000002
ROUTE_PAYMENT_HOPS_AV_SUCC=4.132941035186743
ROUTE_PAYMENT_SUCCESS_DIRECT=0.8327
ROUTE_PAYMENT_SUCCESS=0.8327
