ROUTE_PAYMENT_MES_AV=5.787375000000001	5.8134	5.479499999999998	6.0915000000000035	0.020962925875000232	0.023884434513888955	0.018572600625000355	5.723919828405638	5.850830171594364
ROUTE_PAYMENT_MES_AV_SUCC=4.719088578360428	4.723045311993079	4.539207144412983	4.838483146067417	0.005279811416320614	0.006256765229086492	0.004302857603554733	4.687242916538967	4.7509342401818895
ROUTE_PAYMENT_HOPS_AV=5.506570000000001	5.516400000000004	5.227799999999999	5.766900000000002	0.015371908100000223	0.01840891290000056	0.01288708599090904	5.452231835623128	5.560908164376873
ROUTE_PAYMENT_HOPS_AV_SUCC=4.632126393771168	4.639666919000758	4.455020692659552	4.747731201382888	0.005163307055800493	0.0062287378168572275	0.00409787629474376	4.600634045188089	4.663618742354247
ROUTE_PAYMENT_SUCCESS_DIRECT=0.9241449999999999	0.9247	0.9182	0.9321	1.3113475000000062E-5	1.4528399999999224E-5	1.2170191666667284E-5	0.9225579157936642	0.9257320842063356
ROUTE_PAYMENT_SUCCESS=0.9241449999999999	0.9247	0.9182	0.9321	1.3113475000000062E-5	1.4528399999999224E-5	1.2170191666667284E-5	0.9225579157936642	0.9257320842063356
