ROUTE_PAYMENT_MES_AV=3.4910900000000007	3.4885000000000006	3.4622	3.5330999999999997	5.163879000000013E-4	4.163881000000289E-4	6.386098777777454E-4	3.4811306934060657	3.5010493065939357
ROUTE_PAYMENT_MES_AV_SUCC=3.7115256503494543	3.7093206951026856	3.6656352071514524	3.7741652021089633	9.726742792629046E-4	6.792603525453069E-4	0.001412795169339301	3.697857026586953	3.7251942741119555
ROUTE_PAYMENT_HOPS_AV=19.460045	19.4427	19.04749999999999	20.023199999999996	0.050980957475001046	0.032351407358335436	0.07892528264999946	19.36108833114035	19.55900166885965
ROUTE_PAYMENT_HOPS_AV_SUCC=26.700322005211223	26.65438194321988	26.259756097560985	27.21177504393673	0.06921560650525432	0.05547843356204177	0.08600548454695855	26.585018346563594	26.815625663858853
ROUTE_PAYMENT_SUCCESS_DIRECT=0.5668000000000001	0.5671	0.5486	0.5817	5.6816000000000006E-5	5.9699000000001015E-5	5.393299999999898E-5	0.5634964841032621	0.570103515896738
ROUTE_PAYMENT_SUCCESS=0.5668000000000001	0.5671	0.5486	0.5817	5.6816000000000006E-5	5.9699000000001015E-5	5.393299999999898E-5	0.5634964841032621	0.570103515896738
