ROUTE_PAYMENT_MES_AV=6.7708
ROUTE_PAYMENT_MES_AV_SUCC=5.483566391777217
ROUTE_PAYMENT_HOPS_AV=4.345599999999998
ROUTE_PAYMENT_HOPS_AV_SUCC=4.11676825624477
ROUTE_PAYMENT_SUCCESS_DIRECT=0.8367
ROUTE_PAYMENT_SUCCESS=0.8367
