ROUTE_PAYMENT_MES_AV=7.060199999999999
ROUTE_PAYMENT_MES_AV_SUCC=6.296321070234113
ROUTE_PAYMENT_HOPS_AV=7.213699999999999
ROUTE_PAYMENT_HOPS_AV_SUCC=7.13154960981048
ROUTE_PAYMENT_SUCCESS_DIRECT=0.897
ROUTE_PAYMENT_SUCCESS=0.897
