ROUTE_PAYMENT_MES_AV=5.865999999999998
ROUTE_PAYMENT_MES_AV_SUCC=4.736847744562307
ROUTE_PAYMENT_HOPS_AV=5.5731
ROUTE_PAYMENT_HOPS_AV_SUCC=4.630986820957891
ROUTE_PAYMENT_SUCCESS_DIRECT=0.9333
ROUTE_PAYMENT_SUCCESS=0.9333
