ROUTE_PAYMENT_MES_AV=8.675
ROUTE_PAYMENT_MES_AV_SUCC=7.132990750256936
ROUTE_PAYMENT_HOPS_AV=4.987400000000002
ROUTE_PAYMENT_HOPS_AV_SUCC=4.527852004110997
ROUTE_PAYMENT_SUCCESS_DIRECT=0.973
ROUTE_PAYMENT_SUCCESS=0.973
