ROUTE_PAYMENT_MES_AV=5.592700000000002
ROUTE_PAYMENT_MES_AV_SUCC=4.702939604489578
ROUTE_PAYMENT_HOPS_AV=15.830899999999996
ROUTE_PAYMENT_HOPS_AV_SUCC=13.107642971672895
ROUTE_PAYMENT_SUCCESS_DIRECT=0.9355
ROUTE_PAYMENT_SUCCESS=0.9355
