ROUTE_PAYMENT_MES_AV=4.998700000000002
ROUTE_PAYMENT_MES_AV_SUCC=4.511985924785569
ROUTE_PAYMENT_HOPS_AV=36.20679999999999
ROUTE_PAYMENT_HOPS_AV_SUCC=32.19089509566745
ROUTE_PAYMENT_SUCCESS_DIRECT=0.9094
ROUTE_PAYMENT_SUCCESS=0.9094
