ROUTE_PAYMENT_MES_AV=5.8415
ROUTE_PAYMENT_MES_AV_SUCC=4.848067190696672
ROUTE_PAYMENT_HOPS_AV=8.764999999999997
ROUTE_PAYMENT_HOPS_AV_SUCC=7.229460536233445
ROUTE_PAYMENT_SUCCESS_DIRECT=0.9287
ROUTE_PAYMENT_SUCCESS=0.9287
