ROUTE_PAYMENT_MES_AV=5.953300000000001
ROUTE_PAYMENT_MES_AV_SUCC=5.157020696492749
ROUTE_PAYMENT_HOPS_AV=4.047499999999999
ROUTE_PAYMENT_HOPS_AV_SUCC=4.0304870492006435
ROUTE_PAYMENT_SUCCESS_DIRECT=0.8069
ROUTE_PAYMENT_SUCCESS=0.8069
