ROUTE_PAYMENT_MES_AV=5.107800000000001
ROUTE_PAYMENT_MES_AV_SUCC=4.48340961098398
ROUTE_PAYMENT_HOPS_AV=3.7396
ROUTE_PAYMENT_HOPS_AV_SUCC=3.911041189931351
ROUTE_PAYMENT_SUCCESS_DIRECT=0.6992
ROUTE_PAYMENT_SUCCESS=0.6992
