ROUTE_PAYMENT_MES_AV=9.139099999999997	9.063399999999996	8.393800000000002	10.066499999999998	0.20650740300000026	0.12542410249999913	0.3281323537500018	8.939936896066964	9.33826310393303
ROUTE_PAYMENT_MES_AV_SUCC=7.149533816025891	7.156320890905344	6.706217616580311	7.45868828902802	0.02556693307208352	0.02808198649096725	0.023051879653199804	7.079456027073286	7.219611604978496
ROUTE_PAYMENT_HOPS_AV=5.039015	5.017900000000001	4.8096999999999985	5.2875999999999985	0.014655176274999886	0.00959696564166678	0.022242492224999553	4.985958744394257	5.0920712556057435
ROUTE_PAYMENT_HOPS_AV_SUCC=4.506141399006276	4.506010479810954	4.315854922279792	4.641588833008316	0.004337818656328322	0.004651829537763961	0.0039540275790181	4.477276052871031	4.535006745141522
ROUTE_PAYMENT_SUCCESS_DIRECT=0.9709299999999998	0.9728	0.9604	0.9777	2.3062100000000004E-5	3.8394899999998456E-5	1.284023333333437E-5	0.9688252985560891	0.9730347014439106
ROUTE_PAYMENT_SUCCESS=0.9709299999999998	0.9728	0.9604	0.9777	2.3062100000000004E-5	3.8394899999998456E-5	1.284023333333437E-5	0.9688252985560891	0.9730347014439106
