ROUTE_PAYMENT_MES_AV=5.246299999999996
ROUTE_PAYMENT_MES_AV_SUCC=4.5136811786861655
ROUTE_PAYMENT_HOPS_AV=24.226999999999997
ROUTE_PAYMENT_HOPS_AV_SUCC=20.407111997341307
ROUTE_PAYMENT_SUCCESS_DIRECT=0.9027
ROUTE_PAYMENT_SUCCESS=0.9027
