ROUTE_PAYMENT_MES_AV=5.802899999999999
ROUTE_PAYMENT_MES_AV_SUCC=4.696708969670897
ROUTE_PAYMENT_HOPS_AV=9.415600000000003
ROUTE_PAYMENT_HOPS_AV_SUCC=7.762099376209941
ROUTE_PAYMENT_SUCCESS_DIRECT=0.9298
ROUTE_PAYMENT_SUCCESS=0.9298
