ROUTE_PAYMENT_MES_AV=7.569200000000001
ROUTE_PAYMENT_MES_AV_SUCC=5.961841512832057
ROUTE_PAYMENT_HOPS_AV=4.6068
ROUTE_PAYMENT_HOPS_AV_SUCC=4.169067987393066
ROUTE_PAYMENT_SUCCESS_DIRECT=0.8884
ROUTE_PAYMENT_SUCCESS=0.8884
