ROUTE_PAYMENT_MES_AV=4.6519
ROUTE_PAYMENT_MES_AV_SUCC=4.332944606413993
ROUTE_PAYMENT_HOPS_AV=12.968100000000002
ROUTE_PAYMENT_HOPS_AV_SUCC=15.587609329446067
ROUTE_PAYMENT_SUCCESS_DIRECT=0.686
ROUTE_PAYMENT_SUCCESS=0.686
