ROUTE_PAYMENT_MES_AV=5.116800000000002
ROUTE_PAYMENT_MES_AV_SUCC=4.495016975139631
ROUTE_PAYMENT_HOPS_AV=24.160300000000024
ROUTE_PAYMENT_HOPS_AV_SUCC=20.94765085970864
ROUTE_PAYMENT_SUCCESS_DIRECT=0.9131
ROUTE_PAYMENT_SUCCESS=0.9131
