ROUTE_PAYMENT_MES_AV=6.099299999999997
ROUTE_PAYMENT_MES_AV_SUCC=4.947047921630924
ROUTE_PAYMENT_HOPS_AV=24.034500000000005
ROUTE_PAYMENT_HOPS_AV_SUCC=23.39369870267409
ROUTE_PAYMENT_SUCCESS_DIRECT=0.7554
ROUTE_PAYMENT_SUCCESS=0.7554
