ROUTE_PAYMENT_MES_AV=5.847600000000001
ROUTE_PAYMENT_MES_AV_SUCC=4.741340482573724
ROUTE_PAYMENT_HOPS_AV=5.5581999999999985
ROUTE_PAYMENT_HOPS_AV_SUCC=4.633565683646113
ROUTE_PAYMENT_SUCCESS_DIRECT=0.9325
ROUTE_PAYMENT_SUCCESS=0.9325
