ROUTE_PAYMENT_MES_AV=6.2433000000000005
ROUTE_PAYMENT_MES_AV_SUCC=5.179727534058243
ROUTE_PAYMENT_HOPS_AV=16.784000000000002
ROUTE_PAYMENT_HOPS_AV_SUCC=16.271466066741667
ROUTE_PAYMENT_SUCCESS_DIRECT=0.8001
ROUTE_PAYMENT_SUCCESS=0.8001
