ROUTE_PAYMENT_MES_AV=5.661500000000002
ROUTE_PAYMENT_MES_AV_SUCC=4.733383685800604
ROUTE_PAYMENT_HOPS_AV=23.23580000000002
ROUTE_PAYMENT_HOPS_AV_SUCC=19.064846784635307
ROUTE_PAYMENT_SUCCESS_DIRECT=0.9268
ROUTE_PAYMENT_SUCCESS=0.9268
