ROUTE_PAYMENT_MES_AV=7.601300000000002
ROUTE_PAYMENT_MES_AV_SUCC=6.56446140797286
ROUTE_PAYMENT_HOPS_AV=4.587699999999998
ROUTE_PAYMENT_HOPS_AV_SUCC=4.307675996607293
ROUTE_PAYMENT_SUCCESS_DIRECT=0.9432
ROUTE_PAYMENT_SUCCESS=0.9432
