ROUTE_PAYMENT_MES_AV=6.818200000000001
ROUTE_PAYMENT_MES_AV_SUCC=5.971560771921905
ROUTE_PAYMENT_HOPS_AV=4.393699999999998
ROUTE_PAYMENT_HOPS_AV_SUCC=4.238912086671934
ROUTE_PAYMENT_SUCCESS_DIRECT=0.8861
ROUTE_PAYMENT_SUCCESS=0.8861
