ROUTE_PAYMENT_MES_AV=6.4902999999999995
ROUTE_PAYMENT_MES_AV_SUCC=5.420912178554097
ROUTE_PAYMENT_HOPS_AV=4.157199999999999
ROUTE_PAYMENT_HOPS_AV_SUCC=4.022440562833576
ROUTE_PAYMENT_SUCCESS_DIRECT=0.8244
ROUTE_PAYMENT_SUCCESS=0.8244
