ROUTE_PAYMENT_MES_AV=11.415300000000002
ROUTE_PAYMENT_MES_AV_SUCC=11.424974823766366
ROUTE_PAYMENT_HOPS_AV=3.9924
ROUTE_PAYMENT_HOPS_AV_SUCC=3.99546827794562
ROUTE_PAYMENT_SUCCESS_DIRECT=0.993
ROUTE_PAYMENT_SUCCESS=0.993
ROUTE_PAYMENT_FEE_AV=2.4646119295391666
ROUTE_PAYMENT_FEE_MED=4.1999191235579145
ROUTE_PAYMENT_FEE_Q1=1.8718681250771656
ROUTE_PAYMENT_FEE_Q3=3.0357608163021945
