ROUTE_PAYMENT_MES_AV=3.4781999999999997
ROUTE_PAYMENT_MES_AV_SUCC=3.70928226363009
ROUTE_PAYMENT_HOPS_AV=19.7624
ROUTE_PAYMENT_HOPS_AV_SUCC=26.949275362318836
ROUTE_PAYMENT_SUCCESS_DIRECT=0.5796
ROUTE_PAYMENT_SUCCESS=0.5796
