ROUTE_PAYMENT_MES_AV=5.0782
ROUTE_PAYMENT_MES_AV_SUCC=4.456592592592592
ROUTE_PAYMENT_HOPS_AV=3.711299999999999
ROUTE_PAYMENT_HOPS_AV_SUCC=3.9266666666666667
ROUTE_PAYMENT_SUCCESS_DIRECT=0.675
ROUTE_PAYMENT_SUCCESS=0.675
