ROUTE_PAYMENT_MES_AV=5.845300000000003
ROUTE_PAYMENT_MES_AV_SUCC=4.838483146067417
ROUTE_PAYMENT_HOPS_AV=5.585899999999999
ROUTE_PAYMENT_HOPS_AV_SUCC=4.747731201382888
ROUTE_PAYMENT_SUCCESS_DIRECT=0.9256
ROUTE_PAYMENT_SUCCESS=0.9256
