ROUTE_PAYMENT_MES_AV=6.0128
ROUTE_PAYMENT_MES_AV_SUCC=4.815848813486525
ROUTE_PAYMENT_HOPS_AV=5.687500000000001
ROUTE_PAYMENT_HOPS_AV_SUCC=4.7065392462149696
ROUTE_PAYMENT_SUCCESS_DIRECT=0.9313
ROUTE_PAYMENT_SUCCESS=0.9313
