ROUTE_PAYMENT_MES_AV=9.1091
ROUTE_PAYMENT_MES_AV_SUCC=6.88640806667353
ROUTE_PAYMENT_HOPS_AV=5.037200000000002
ROUTE_PAYMENT_HOPS_AV_SUCC=4.383578557464759
ROUTE_PAYMENT_SUCCESS_DIRECT=0.9719
ROUTE_PAYMENT_SUCCESS=0.9719
