ROUTE_PAYMENT_MES_AV=7.074400000000001
ROUTE_PAYMENT_MES_AV_SUCC=6.1724289320601455
ROUTE_PAYMENT_HOPS_AV=4.427400000000001
ROUTE_PAYMENT_HOPS_AV_SUCC=4.247393260893427
ROUTE_PAYMENT_SUCCESS_DIRECT=0.9111
ROUTE_PAYMENT_SUCCESS=0.9111
