ROUTE_PAYMENT_MES_AV=5.080679999999999	5.102499999999997	4.8709	5.237399999999999	0.011882022600000017	0.012259758399999918	0.011504286800000119	5.032906587927927	5.128453412072071
ROUTE_PAYMENT_MES_AV_SUCC=4.524057294133791	4.540388435224018	4.402740937223696	4.650397526501767	0.004202071713893271	0.006006723920991429	0.002998970242494499	4.495647191444702	4.55246739682288
ROUTE_PAYMENT_HOPS_AV=36.676235	36.942500000000024	33.5181	39.6926	1.8692495952750137	2.351926357891697	1.4743322440431816	36.07703097609794	37.27543902390206
ROUTE_PAYMENT_HOPS_AV_SUCC=32.09724322999121	32.211220756181405	29.699603873239433	33.82318358291742	0.8708337077124604	1.1471155781310955	0.6447849046426679	31.688256997243197	32.50622946273922
ROUTE_PAYMENT_SUCCESS_DIRECT=0.90628	0.9075	0.8936	0.9194	2.6943600000000065E-5	3.327395555555545E-5	2.1764218181818377E-5	0.9040050655640216	0.9085549344359783
ROUTE_PAYMENT_SUCCESS=0.90628	0.9075	0.8936	0.9194	2.6943600000000065E-5	3.327395555555545E-5	2.1764218181818377E-5	0.9040050655640216	0.9085549344359783
