ROUTE_PAYMENT_MES_AV=6.863699999999996
ROUTE_PAYMENT_MES_AV_SUCC=5.523875694795353
ROUTE_PAYMENT_HOPS_AV=18.07019999999999
ROUTE_PAYMENT_HOPS_AV_SUCC=17.09423951490652
ROUTE_PAYMENT_SUCCESS_DIRECT=0.7916
ROUTE_PAYMENT_SUCCESS=0.7916
