ROUTE_PAYMENT_MES_AV=3.9193
ROUTE_PAYMENT_MES_AV_SUCC=3.924575424575424
ROUTE_PAYMENT_HOPS_AV=16.2556
ROUTE_PAYMENT_HOPS_AV_SUCC=21.338328338328328
ROUTE_PAYMENT_SUCCESS_DIRECT=0.6006
ROUTE_PAYMENT_SUCCESS=0.6006
