ROUTE_PAYMENT_MES_AV=5.871899999999998
ROUTE_PAYMENT_MES_AV_SUCC=4.620356091406141
ROUTE_PAYMENT_HOPS_AV=27.860199999999995
ROUTE_PAYMENT_HOPS_AV_SUCC=27.22879573811861
ROUTE_PAYMENT_SUCCESS_DIRECT=0.7133
ROUTE_PAYMENT_SUCCESS=0.7133
