ROUTE_PAYMENT_MES_AV=5.876499999999999
ROUTE_PAYMENT_MES_AV_SUCC=4.714424320827944
ROUTE_PAYMENT_HOPS_AV=5.547999999999999
ROUTE_PAYMENT_HOPS_AV_SUCC=4.579991375592929
ROUTE_PAYMENT_SUCCESS_DIRECT=0.9276
ROUTE_PAYMENT_SUCCESS=0.9276
