ROUTE_PAYMENT_MES_AV=5.900570000000001	5.915099999999999	5.685900000000002	6.092200000000001	0.01139587609999997	0.011454638500000107	0.01133711369999983	5.853784105958228	5.947355894041774
ROUTE_PAYMENT_MES_AV_SUCC=4.548908962667518	4.550751610594129	4.460670949321913	4.654825255285488	0.0031724372232412	0.0030258147317509315	0.0033190597147314685	4.524223709137522	4.573594216197514
ROUTE_PAYMENT_HOPS_AV=29.95091999999999	30.089499999999997	29.081300000000013	30.436199999999992	0.11256310359999869	0.17774106239998938	0.06911113106667156	29.803878778094404	30.097961221905575
ROUTE_PAYMENT_HOPS_AV_SUCC=28.912794256708896	28.882053457785336	28.439437428243416	29.481968604157835	0.06413901016196445	0.047656416249034016	0.08886290103136009	28.801799567322824	29.023788946094967
ROUTE_PAYMENT_SUCCESS_DIRECT=0.6996100000000001	0.7005	0.6813	0.7159	5.972989999999985E-5	6.417730000000072E-5	5.528249999999901E-5	0.696222830209157	0.7029971697908431
ROUTE_PAYMENT_SUCCESS=0.6996100000000001	0.7005	0.6813	0.7159	5.972989999999985E-5	6.417730000000072E-5	5.528249999999901E-5	0.696222830209157	0.7029971697908431
