ROUTE_PAYMENT_MES_AV=5.7899
ROUTE_PAYMENT_MES_AV_SUCC=4.802827460640458
ROUTE_PAYMENT_HOPS_AV=5.527800000000001
ROUTE_PAYMENT_HOPS_AV_SUCC=4.6886580272036
ROUTE_PAYMENT_SUCCESS_DIRECT=0.9337
ROUTE_PAYMENT_SUCCESS=0.9337
