ROUTE_PAYMENT_MES_AV=3.9881
ROUTE_PAYMENT_MES_AV_SUCC=3.922924901185771
ROUTE_PAYMENT_HOPS_AV=15.6389
ROUTE_PAYMENT_HOPS_AV_SUCC=20.570487483530965
ROUTE_PAYMENT_SUCCESS_DIRECT=0.6072
ROUTE_PAYMENT_SUCCESS=0.6072
