ROUTE_PAYMENT_MES_AV=6.501700000000001
ROUTE_PAYMENT_MES_AV_SUCC=5.226586102719033
ROUTE_PAYMENT_HOPS_AV=23.302399999999984
ROUTE_PAYMENT_HOPS_AV_SUCC=22.09628267437279
ROUTE_PAYMENT_SUCCESS_DIRECT=0.7613
ROUTE_PAYMENT_SUCCESS=0.7613
