ROUTE_PAYMENT_MES_AV=5.795499999999999
ROUTE_PAYMENT_MES_AV_SUCC=4.70646551724138
ROUTE_PAYMENT_HOPS_AV=5.493300000000003
ROUTE_PAYMENT_HOPS_AV_SUCC=4.602801724137932
ROUTE_PAYMENT_SUCCESS_DIRECT=0.928
ROUTE_PAYMENT_SUCCESS=0.928
