ROUTE_PAYMENT_MES_AV=3.333333333333333
ROUTE_PAYMENT_MES_AV_SUCC=5.0
ROUTE_PAYMENT_HOPS_AV=2.0
ROUTE_PAYMENT_HOPS_AV_SUCC=3.0
ROUTE_PAYMENT_SUCCESS_DIRECT=0.6666666666666666
ROUTE_PAYMENT_SUCCESS=0.6666666666666666
