ROUTE_PAYMENT_MES_AV=5.202499999999999
ROUTE_PAYMENT_MES_AV_SUCC=4.523167926388431
ROUTE_PAYMENT_HOPS_AV=5.0986
ROUTE_PAYMENT_HOPS_AV_SUCC=4.501807426881367
ROUTE_PAYMENT_SUCCESS_DIRECT=0.9129
ROUTE_PAYMENT_SUCCESS=0.9129
