ROUTE_PAYMENT_MES_AV=5.2990999999999975
ROUTE_PAYMENT_MES_AV_SUCC=4.514704298179466
ROUTE_PAYMENT_HOPS_AV=5.156700000000003
ROUTE_PAYMENT_HOPS_AV_SUCC=4.469460303781103
ROUTE_PAYMENT_SUCCESS_DIRECT=0.9283
ROUTE_PAYMENT_SUCCESS=0.9283
