ROUTE_PAYMENT_MES_AV=5.740400000000001
ROUTE_PAYMENT_MES_AV_SUCC=4.7084854994629435
ROUTE_PAYMENT_HOPS_AV=5.480099999999999
ROUTE_PAYMENT_HOPS_AV_SUCC=4.6200859291084875
ROUTE_PAYMENT_SUCCESS_DIRECT=0.931
ROUTE_PAYMENT_SUCCESS=0.931
