ROUTE_PAYMENT_MES_AV=3.9862
ROUTE_PAYMENT_MES_AV_SUCC=3.9737614080834427
ROUTE_PAYMENT_HOPS_AV=15.60689999999999
ROUTE_PAYMENT_HOPS_AV_SUCC=20.375814863103006
ROUTE_PAYMENT_SUCCESS_DIRECT=0.6136
ROUTE_PAYMENT_SUCCESS=0.6136
