ROUTE_PAYMENT_MES_AV=5.0794999999999995
ROUTE_PAYMENT_MES_AV_SUCC=4.497543352601157
ROUTE_PAYMENT_HOPS_AV=3.7131
ROUTE_PAYMENT_HOPS_AV_SUCC=3.919942196531792
ROUTE_PAYMENT_SUCCESS_DIRECT=0.692
ROUTE_PAYMENT_SUCCESS=0.692
