ROUTE_PAYMENT_MES_AV=5.394399999999997
ROUTE_PAYMENT_MES_AV_SUCC=4.6303827751196165
ROUTE_PAYMENT_HOPS_AV=5.215499999999999
ROUTE_PAYMENT_HOPS_AV_SUCC=4.579382340147888
ROUTE_PAYMENT_SUCCESS_DIRECT=0.9196
ROUTE_PAYMENT_SUCCESS=0.9196
