ROUTE_PAYMENT_MES_AV=6.865430000000001	6.876799999999997	6.2433000000000005	7.4823	0.07870763810000003	0.09367276978888932	0.06646343944545427	6.7424740602238025	6.988385939776199
ROUTE_PAYMENT_MES_AV_SUCC=5.629347346352826	5.64329120077783	5.179727534058243	5.9493251243192065	0.03833744114935538	0.044537591340188275	0.03213729095852251	5.54353443534307	5.715160257362581
ROUTE_PAYMENT_HOPS_AV=15.849204999999998	15.877299999999993	13.929499999999997	17.279899999999994	0.763639472475004	0.7873214521250004	0.7399574928250077	15.466216919411321	16.232193080588676
ROUTE_PAYMENT_HOPS_AV_SUCC=14.796119441198865	14.846985901798735	12.57732316227462	16.532044887780543	1.15754080632632	1.146871069323542	1.1682105433290977	14.324589550227827	15.267649332169903
ROUTE_PAYMENT_SUCCESS_DIRECT=0.8285650000000002	0.8255	0.7979	0.8652	3.225212749999994E-4	2.8711677045455066E-4	3.657934472222145E-4	0.8206941749795846	0.8364358250204158
ROUTE_PAYMENT_SUCCESS=0.8285650000000002	0.8255	0.7979	0.8652	3.225212749999994E-4	2.8711677045455066E-4	3.657934472222145E-4	0.8206941749795846	0.8364358250204158
