ROUTE_PAYMENT_MES_AV=6.008500000000001
ROUTE_PAYMENT_MES_AV_SUCC=4.862631578947367
ROUTE_PAYMENT_HOPS_AV=4.0219000000000005
ROUTE_PAYMENT_HOPS_AV_SUCC=3.9594736842105256
ROUTE_PAYMENT_SUCCESS_DIRECT=0.76
ROUTE_PAYMENT_SUCCESS=0.76
