ROUTE_PAYMENT_MES_AV=6.129200000000001
ROUTE_PAYMENT_MES_AV_SUCC=5.3266674947211525
ROUTE_PAYMENT_HOPS_AV=4.1323
ROUTE_PAYMENT_HOPS_AV_SUCC=4.124705005589368
ROUTE_PAYMENT_SUCCESS_DIRECT=0.8051
ROUTE_PAYMENT_SUCCESS=0.8051
