ROUTE_PAYMENT_MES_AV=5.962699999999999
ROUTE_PAYMENT_MES_AV_SUCC=4.904589500585668
ROUTE_PAYMENT_HOPS_AV=5.635599999999999
ROUTE_PAYMENT_HOPS_AV_SUCC=4.758811628154618
ROUTE_PAYMENT_SUCCESS_DIRECT=0.9391
ROUTE_PAYMENT_SUCCESS=0.9391
