ROUTE_PAYMENT_MES_AV=23.1275
ROUTE_PAYMENT_MES_AV_SUCC=22.795729166666664
ROUTE_PAYMENT_HOPS_AV=4.6261
ROUTE_PAYMENT_HOPS_AV_SUCC=4.556875000000001
ROUTE_PAYMENT_SUCCESS_DIRECT=0.96
ROUTE_PAYMENT_SUCCESS=0.96
ROUTE_PAYMENT_FEE_AV=26.014944934018665
ROUTE_PAYMENT_FEE_MED=31.234786732669832
ROUTE_PAYMENT_FEE_Q1=8.092866621328414
ROUTE_PAYMENT_FEE_Q3=30.096052384626923
