ROUTE_PAYMENT_MES_AV=6.9962
ROUTE_PAYMENT_MES_AV_SUCC=5.570131913348664
ROUTE_PAYMENT_HOPS_AV=17.271999999999995
ROUTE_PAYMENT_HOPS_AV_SUCC=15.638266973254272
ROUTE_PAYMENT_SUCCESS_DIRECT=0.8263
ROUTE_PAYMENT_SUCCESS=0.8263
