ROUTE_PAYMENT_MES_AV=5.782199999999996
ROUTE_PAYMENT_MES_AV_SUCC=4.732363794226179
ROUTE_PAYMENT_HOPS_AV=41.881400000000006
ROUTE_PAYMENT_HOPS_AV_SUCC=34.020946385934444
ROUTE_PAYMENT_SUCCESS_DIRECT=0.9214
ROUTE_PAYMENT_SUCCESS=0.9214
