ROUTE_PAYMENT_MES_AV=5.744299999999999
ROUTE_PAYMENT_MES_AV_SUCC=4.751330636576538
ROUTE_PAYMENT_HOPS_AV=5.431600000000006
ROUTE_PAYMENT_HOPS_AV_SUCC=4.612731530764318
ROUTE_PAYMENT_SUCCESS_DIRECT=0.9394
ROUTE_PAYMENT_SUCCESS=0.9394
