ROUTE_PAYMENT_MES_AV=3.9448
ROUTE_PAYMENT_MES_AV_SUCC=3.872868972235753
ROUTE_PAYMENT_HOPS_AV=15.584999999999999
ROUTE_PAYMENT_HOPS_AV_SUCC=20.31384965091736
ROUTE_PAYMENT_SUCCESS_DIRECT=0.6159
ROUTE_PAYMENT_SUCCESS=0.6159
