ROUTE_PAYMENT_MES_AV=5.3232
ROUTE_PAYMENT_MES_AV_SUCC=4.531435615824273
ROUTE_PAYMENT_HOPS_AV=32.91929999999997
ROUTE_PAYMENT_HOPS_AV_SUCC=27.040569315252704
ROUTE_PAYMENT_SUCCESS_DIRECT=0.8923
ROUTE_PAYMENT_SUCCESS=0.8923
