ROUTE_PAYMENT_MES_AV=353.93900000000025
ROUTE_PAYMENT_MES_AV_SUCC=235.3456279809221
ROUTE_PAYMENT_HOPS_AV=20.082400000000007
ROUTE_PAYMENT_HOPS_AV_SUCC=16.631266560678327
ROUTE_PAYMENT_SUCCESS_DIRECT=0.9435
ROUTE_PAYMENT_SUCCESS=0.9435
ROUTE_PAYMENT_FEE_AV=3.494755266750832
ROUTE_PAYMENT_FEE_MED=2.832622716601226
ROUTE_PAYMENT_FEE_Q1=1.9669666485169357
ROUTE_PAYMENT_FEE_Q3=3.9446770047137347
