ROUTE_PAYMENT_MES_AV=6.007300000000001
ROUTE_PAYMENT_MES_AV_SUCC=4.687993235625704
ROUTE_PAYMENT_HOPS_AV=28.480000000000004
ROUTE_PAYMENT_HOPS_AV_SUCC=27.631623449830883
ROUTE_PAYMENT_SUCCESS_DIRECT=0.7096
ROUTE_PAYMENT_SUCCESS=0.7096
