ROUTE_PAYMENT_MES_AV=4.487400000000002
ROUTE_PAYMENT_MES_AV_SUCC=4.201698513800427
ROUTE_PAYMENT_HOPS_AV=13.260199999999994
ROUTE_PAYMENT_HOPS_AV_SUCC=16.330603579011225
ROUTE_PAYMENT_SUCCESS_DIRECT=0.6594
ROUTE_PAYMENT_SUCCESS=0.6594
