ROUTE_PAYMENT_MES_AV=5.040799999999997
ROUTE_PAYMENT_MES_AV_SUCC=4.432228421398096
ROUTE_PAYMENT_HOPS_AV=27.408699999999996
ROUTE_PAYMENT_HOPS_AV_SUCC=24.27086751996499
ROUTE_PAYMENT_SUCCESS_DIRECT=0.9141
ROUTE_PAYMENT_SUCCESS=0.9141
