ROUTE_PAYMENT_MES_AV=3.8302
ROUTE_PAYMENT_MES_AV_SUCC=3.870897521768252
ROUTE_PAYMENT_HOPS_AV=16.883799999999997
ROUTE_PAYMENT_HOPS_AV_SUCC=22.61001339584729
ROUTE_PAYMENT_SUCCESS_DIRECT=0.5972
ROUTE_PAYMENT_SUCCESS=0.5972
