ROUTE_PAYMENT_MES_AV=5.5172
ROUTE_PAYMENT_MES_AV_SUCC=4.730219663041159
ROUTE_PAYMENT_HOPS_AV=9.3361
ROUTE_PAYMENT_HOPS_AV_SUCC=8.073576455534228
ROUTE_PAYMENT_SUCCESS_DIRECT=0.9378
ROUTE_PAYMENT_SUCCESS=0.9378
