ROUTE_PAYMENT_MES_AV=3.7660999999999984
ROUTE_PAYMENT_MES_AV_SUCC=3.8055510469079685
ROUTE_PAYMENT_HOPS_AV=17.070499999999996
ROUTE_PAYMENT_HOPS_AV_SUCC=22.39555267002111
ROUTE_PAYMENT_SUCCESS_DIRECT=0.6161
ROUTE_PAYMENT_SUCCESS=0.6161
