ROUTE_PAYMENT_MES_AV=6.756799999999997
ROUTE_PAYMENT_MES_AV_SUCC=5.446030769230768
ROUTE_PAYMENT_HOPS_AV=4.318599999999999
ROUTE_PAYMENT_HOPS_AV_SUCC=4.112984615384617
ROUTE_PAYMENT_SUCCESS_DIRECT=0.8125
ROUTE_PAYMENT_SUCCESS=0.8125
