ROUTE_PAYMENT_MES_AV=5.499300000000001
ROUTE_PAYMENT_MES_AV_SUCC=4.601394849785407
ROUTE_PAYMENT_HOPS_AV=5.307000000000002
ROUTE_PAYMENT_HOPS_AV_SUCC=4.534334763948501
ROUTE_PAYMENT_SUCCESS_DIRECT=0.932
ROUTE_PAYMENT_SUCCESS=0.932
