ROUTE_PAYMENT_MES_AV=6.464999999999999
ROUTE_PAYMENT_MES_AV_SUCC=5.301332337193375
ROUTE_PAYMENT_HOPS_AV=4.1996
ROUTE_PAYMENT_HOPS_AV_SUCC=4.080438301581372
ROUTE_PAYMENT_SUCCESS_DIRECT=0.8031
ROUTE_PAYMENT_SUCCESS=0.8031
