ROUTE_PAYMENT_MES_AV=4.527899999999999
ROUTE_PAYMENT_MES_AV_SUCC=4.041639974375402
ROUTE_PAYMENT_HOPS_AV=3.468499999999999
ROUTE_PAYMENT_HOPS_AV_SUCC=3.7729019859064707
ROUTE_PAYMENT_SUCCESS_DIRECT=0.6244
ROUTE_PAYMENT_SUCCESS=0.6244
