ROUTE_PAYMENT_MES_AV=6.466800000000002
ROUTE_PAYMENT_MES_AV_SUCC=5.195959595959596
ROUTE_PAYMENT_HOPS_AV=4.1831
ROUTE_PAYMENT_HOPS_AV_SUCC=4.022601010101011
ROUTE_PAYMENT_SUCCESS_DIRECT=0.792
ROUTE_PAYMENT_SUCCESS=0.792
