ROUTE_PAYMENT_MES_AV=5.60216	5.640599999999998	5.056099999999998	6.158999999999998	0.08652587240000015	0.09703880204444447	0.07792438450909113	5.473241849336131	5.731078150663868
ROUTE_PAYMENT_MES_AV_SUCC=5.023138950456898	5.032904148783976	4.652768376878299	5.514336704342652	0.052743696793745944	0.0483493089614941	0.0571380846259978	4.9224860355455915	5.123791865368205
ROUTE_PAYMENT_HOPS_AV=10.354009999999999	10.226700000000003	8.514899999999997	11.653900000000005	0.8454260528999983	0.8020677448272686	0.8984195405444453	9.95103427338482	10.756985726615177
ROUTE_PAYMENT_HOPS_AV_SUCC=11.558574056934447	11.404182559515984	8.83105294467579	13.64738175675676	2.0466121322077298	1.8725704570653756	2.259329735159495	10.931586610206475	12.185561503662418
ROUTE_PAYMENT_SUCCESS_DIRECT=0.7696150000000002	0.7734	0.7104	0.8405	0.001178886275	0.0011341446250000093	0.0012236279249999906	0.754567060748993	0.7846629392510073
ROUTE_PAYMENT_SUCCESS=0.7696150000000002	0.7734	0.7104	0.8405	0.001178886275	0.0011341446250000093	0.0012236279249999906	0.754567060748993	0.7846629392510073
