ROUTE_PAYMENT_MES_AV=6.872099999999998
ROUTE_PAYMENT_MES_AV_SUCC=5.70477534697718
ROUTE_PAYMENT_HOPS_AV=4.3503000000000025
ROUTE_PAYMENT_HOPS_AV_SUCC=4.180663373323925
ROUTE_PAYMENT_SUCCESS_DIRECT=0.8502
ROUTE_PAYMENT_SUCCESS=0.8502
