ROUTE_PAYMENT_MES_AV=5.27717	5.3026	5.0862	5.415800000000002	0.009068247100000005	0.011663728899999908	0.006944671081818266	5.235434776231965	5.318905223768035
ROUTE_PAYMENT_MES_AV_SUCC=4.559396232889933	4.559726962457338	4.449095890410958	4.701242100675528	0.004881982308224835	0.004474542609194347	0.005289422007255325	4.528773836482012	4.5900186292978535
ROUTE_PAYMENT_HOPS_AV=5.158420000000001	5.169800000000003	4.982899999999998	5.287300000000001	0.008110657600000067	0.01004342906666691	0.006529299127272648	5.118949819967374	5.197890180032629
ROUTE_PAYMENT_HOPS_AV_SUCC=4.531503745912168	4.532590713576705	4.424767123287671	4.671170189583789	0.004764764580719355	0.004280447495018223	0.005249081666420487	4.501251209148046	4.56175628267629
ROUTE_PAYMENT_SUCCESS_DIRECT=0.9146149999999998	0.9163	0.9061	0.9224	2.626827500000006E-5	3.331400277777623E-5	2.0503588636365023E-5	0.9123687564108047	0.916861243589195
ROUTE_PAYMENT_SUCCESS=0.9146149999999998	0.9163	0.9061	0.9224	2.626827500000006E-5	3.331400277777623E-5	2.0503588636365023E-5	0.9123687564108047	0.916861243589195
