ROUTE_PAYMENT_MES_AV=9.368799999999997
ROUTE_PAYMENT_MES_AV_SUCC=7.295949835526316
ROUTE_PAYMENT_HOPS_AV=5.078799999999998
ROUTE_PAYMENT_HOPS_AV_SUCC=4.518400493421052
ROUTE_PAYMENT_SUCCESS_DIRECT=0.9728
ROUTE_PAYMENT_SUCCESS=0.9728
