ROUTE_PAYMENT_MES_AV=7.6382
ROUTE_PAYMENT_MES_AV_SUCC=6.638306968790081
ROUTE_PAYMENT_HOPS_AV=4.654899999999997
ROUTE_PAYMENT_HOPS_AV_SUCC=4.392154766994444
ROUTE_PAYMENT_SUCCESS_DIRECT=0.9356
ROUTE_PAYMENT_SUCCESS=0.9356
