ROUTE_PAYMENT_MES_AV=5.801100000000001
ROUTE_PAYMENT_MES_AV_SUCC=4.741494401378122
ROUTE_PAYMENT_HOPS_AV=29.120400000000014
ROUTE_PAYMENT_HOPS_AV_SUCC=23.711563307493545
ROUTE_PAYMENT_SUCCESS_DIRECT=0.9288
ROUTE_PAYMENT_SUCCESS=0.9288
