ROUTE_PAYMENT_MES_AV=5.310399999999998
ROUTE_PAYMENT_MES_AV_SUCC=4.58502732240437
ROUTE_PAYMENT_HOPS_AV=5.2077
ROUTE_PAYMENT_HOPS_AV_SUCC=4.555628415300543
ROUTE_PAYMENT_SUCCESS_DIRECT=0.915
ROUTE_PAYMENT_SUCCESS=0.915
