ROUTE_PAYMENT_MES_AV=6.493099999999995
ROUTE_PAYMENT_MES_AV_SUCC=5.692185550640807
ROUTE_PAYMENT_HOPS_AV=4.2604
ROUTE_PAYMENT_HOPS_AV_SUCC=4.125552909152772
ROUTE_PAYMENT_SUCCESS_DIRECT=0.8817
ROUTE_PAYMENT_SUCCESS=0.8817
