ROUTE_PAYMENT_MES_AV=8.235800000000001
ROUTE_PAYMENT_MES_AV_SUCC=6.733191489361701
ROUTE_PAYMENT_HOPS_AV=4.8915
ROUTE_PAYMENT_HOPS_AV_SUCC=4.419893617021276
ROUTE_PAYMENT_SUCCESS_DIRECT=0.94
ROUTE_PAYMENT_SUCCESS=0.94
