ROUTE_PAYMENT_MES_AV=6.1666
ROUTE_PAYMENT_MES_AV_SUCC=4.854923390121072
ROUTE_PAYMENT_HOPS_AV=5.7757
ROUTE_PAYMENT_HOPS_AV_SUCC=4.731276117004178
ROUTE_PAYMENT_SUCCESS_DIRECT=0.9333
ROUTE_PAYMENT_SUCCESS=0.9333
