ROUTE_PAYMENT_MES_AV=7.6266000000000025
ROUTE_PAYMENT_MES_AV_SUCC=6.531246615401274
ROUTE_PAYMENT_HOPS_AV=4.656
ROUTE_PAYMENT_HOPS_AV_SUCC=4.376475685042781
ROUTE_PAYMENT_SUCCESS_DIRECT=0.9233
ROUTE_PAYMENT_SUCCESS=0.9233
