ROUTE_PAYMENT_MES_AV=5.439099999999998
ROUTE_PAYMENT_MES_AV_SUCC=4.600152571926767
ROUTE_PAYMENT_HOPS_AV=5.279700000000001
ROUTE_PAYMENT_HOPS_AV_SUCC=4.551329555361813
ROUTE_PAYMENT_SUCCESS_DIRECT=0.9176
ROUTE_PAYMENT_SUCCESS=0.9176
