ROUTE_PAYMENT_MES_AV=5.0116
ROUTE_PAYMENT_MES_AV_SUCC=4.570524708192429
ROUTE_PAYMENT_HOPS_AV=27.7106
ROUTE_PAYMENT_HOPS_AV_SUCC=24.97632813352241
ROUTE_PAYMENT_SUCCESS_DIRECT=0.9167
ROUTE_PAYMENT_SUCCESS=0.9167
