ROUTE_PAYMENT_MES_AV=7.157599999999998
ROUTE_PAYMENT_MES_AV_SUCC=5.7536301452058085
ROUTE_PAYMENT_HOPS_AV=14.2835
ROUTE_PAYMENT_HOPS_AV_SUCC=13.275651026041045
ROUTE_PAYMENT_SUCCESS_DIRECT=0.8333
ROUTE_PAYMENT_SUCCESS=0.8333
