ROUTE_PAYMENT_MES_AV=5.4496
ROUTE_PAYMENT_MES_AV_SUCC=4.634968662200131
ROUTE_PAYMENT_HOPS_AV=14.901600000000009
ROUTE_PAYMENT_HOPS_AV_SUCC=12.412362221741944
ROUTE_PAYMENT_SUCCESS_DIRECT=0.9254
ROUTE_PAYMENT_SUCCESS=0.9254
