ROUTE_PAYMENT_MES_AV=6.475299999999995
ROUTE_PAYMENT_MES_AV_SUCC=5.143932511356261
ROUTE_PAYMENT_HOPS_AV=4.178399999999999
ROUTE_PAYMENT_HOPS_AV_SUCC=4.039065541855939
ROUTE_PAYMENT_SUCCESS_DIRECT=0.7705
ROUTE_PAYMENT_SUCCESS=0.7705
