ROUTE_PAYMENT_MES_AV=5.91931	5.905299999999999	5.757200000000002	6.286	0.019331311900000214	0.011607487100000207	0.03091704910000023	5.8583743093930005	5.980245690607
ROUTE_PAYMENT_MES_AV_SUCC=4.782296300993805	4.78886714503153	4.646162162162162	4.960119747674544	0.004825098584992719	0.005066343055549799	0.004627716745446019	4.751852829834862	4.812739772152748
ROUTE_PAYMENT_HOPS_AV=5.59215	5.591199999999999	5.406399999999996	5.8867	0.01384280250000015	0.009026742500000197	0.021066892500000083	5.540585230009239	5.643714769990761
ROUTE_PAYMENT_HOPS_AV_SUCC=4.656354910613518	4.667746463664831	4.531999999999999	4.815353362557469	0.003935552897552004	0.004167153251785952	0.003746061698633318	4.628860529359128	4.683849291867909
ROUTE_PAYMENT_SUCCESS_DIRECT=0.9308850000000002	0.9324	0.9198	0.9422	3.8355275000000115E-5	4.3904002777780134E-5	3.3815406818180096E-5	0.9281707263914633	0.9335992736085371
ROUTE_PAYMENT_SUCCESS=0.9308850000000002	0.9324	0.9198	0.9422	3.8355275000000115E-5	4.3904002777780134E-5	3.3815406818180096E-5	0.9281707263914633	0.9335992736085371
