ROUTE_PAYMENT_MES_AV=7.266699999999999
ROUTE_PAYMENT_MES_AV_SUCC=5.824088929635573
ROUTE_PAYMENT_HOPS_AV=4.523199999999999
ROUTE_PAYMENT_HOPS_AV_SUCC=4.179349071739627
ROUTE_PAYMENT_SUCCESS_DIRECT=0.8726
ROUTE_PAYMENT_SUCCESS=0.8726
