ROUTE_PAYMENT_MES_AV=5.1984
ROUTE_PAYMENT_MES_AV_SUCC=4.594839995570811
ROUTE_PAYMENT_HOPS_AV=5.141399999999998
ROUTE_PAYMENT_HOPS_AV_SUCC=4.594286347026906
ROUTE_PAYMENT_SUCCESS_DIRECT=0.9031
ROUTE_PAYMENT_SUCCESS=0.9031
