ROUTE_PAYMENT_MES_AV=8.961300000000001
ROUTE_PAYMENT_MES_AV_SUCC=7.52140876886744
ROUTE_PAYMENT_HOPS_AV=5.0233
ROUTE_PAYMENT_HOPS_AV_SUCC=4.624088715473866
ROUTE_PAYMENT_SUCCESS_DIRECT=0.9739
ROUTE_PAYMENT_SUCCESS=0.9739
