ROUTE_PAYMENT_MES_AV=5.8401000000000005
ROUTE_PAYMENT_MES_AV_SUCC=4.696870570275871
ROUTE_PAYMENT_HOPS_AV=30.196499999999993
ROUTE_PAYMENT_HOPS_AV_SUCC=24.256133464180582
ROUTE_PAYMENT_SUCCESS_DIRECT=0.9171
ROUTE_PAYMENT_SUCCESS=0.9171
