ROUTE_PAYMENT_MES_AV=7.018699999999997
ROUTE_PAYMENT_MES_AV_SUCC=5.748520009471939
ROUTE_PAYMENT_HOPS_AV=4.361499999999998
ROUTE_PAYMENT_HOPS_AV_SUCC=4.153919014918305
ROUTE_PAYMENT_SUCCESS_DIRECT=0.8446
ROUTE_PAYMENT_SUCCESS=0.8446
