ROUTE_PAYMENT_MES_AV=7.881100000000002
ROUTE_PAYMENT_MES_AV_SUCC=6.374332765474165
ROUTE_PAYMENT_HOPS_AV=4.725299999999999
ROUTE_PAYMENT_HOPS_AV_SUCC=4.369676320272571
ROUTE_PAYMENT_SUCCESS_DIRECT=0.8805
ROUTE_PAYMENT_SUCCESS=0.8805
