ROUTE_PAYMENT_MES_AV=4.1309
ROUTE_PAYMENT_MES_AV_SUCC=3.9943351691581435
ROUTE_PAYMENT_HOPS_AV=15.310899999999993
ROUTE_PAYMENT_HOPS_AV_SUCC=19.50259638080252
ROUTE_PAYMENT_SUCCESS_DIRECT=0.6355
ROUTE_PAYMENT_SUCCESS=0.6355
