ROUTE_PAYMENT_MES_AV=5.753024999999999	5.733799999999999	5.4803999999999995	6.043699999999997	0.024202230874999793	0.016491286009615094	0.03852255705357136	5.6848431511949835	5.821206848805015
ROUTE_PAYMENT_MES_AV_SUCC=4.721661508944723	4.720629446001291	4.619707715452393	4.814495254529766	0.0023825969531892045	0.0021082408638481657	0.0027179210623838076	4.700268771327284	4.743054246562162
ROUTE_PAYMENT_HOPS_AV=21.239315	21.60430000000001	17.34460000000001	25.41589999999998	4.559421669274995	5.799883397225009	3.732447183974987	20.303487177035574	22.17514282296443
ROUTE_PAYMENT_HOPS_AV_SUCC=17.342989028099648	17.936225315636126	14.143733850129202	20.62641059027778	3.2869537486724854	4.557428194725855	2.4399707846369063	16.54840858783887	18.137569468360425
ROUTE_PAYMENT_SUCCESS_DIRECT=0.92585	0.9267	0.9126	0.9336	1.7366500000000038E-5	2.875499999999984E-5	9.774166666666841E-6	0.9240235944262021	0.9276764055737978
ROUTE_PAYMENT_SUCCESS=0.92585	0.9267	0.9126	0.9336	1.7366500000000038E-5	2.875499999999984E-5	9.774166666666841E-6	0.9240235944262021	0.9276764055737978
