ROUTE_PAYMENT_MES_AV=4.524400000000001
ROUTE_PAYMENT_MES_AV_SUCC=4.075311800447714
ROUTE_PAYMENT_HOPS_AV=3.4335
ROUTE_PAYMENT_HOPS_AV_SUCC=3.7612727854173333
ROUTE_PAYMENT_SUCCESS_DIRECT=0.6254
ROUTE_PAYMENT_SUCCESS=0.6254
