ROUTE_PAYMENT_MES_AV=5.724299999999998
ROUTE_PAYMENT_MES_AV_SUCC=4.671581476627349
ROUTE_PAYMENT_HOPS_AV=5.440199999999998
ROUTE_PAYMENT_HOPS_AV_SUCC=4.576452599388379
ROUTE_PAYMENT_SUCCESS_DIRECT=0.9156
ROUTE_PAYMENT_SUCCESS=0.9156
