ROUTE_PAYMENT_MES_AV=6.9957
ROUTE_PAYMENT_MES_AV_SUCC=5.8146938775510195
ROUTE_PAYMENT_HOPS_AV=12.998700000000005
ROUTE_PAYMENT_HOPS_AV_SUCC=12.132244897959186
ROUTE_PAYMENT_SUCCESS_DIRECT=0.8575
ROUTE_PAYMENT_SUCCESS=0.8575
