ROUTE_PAYMENT_MES_AV=5.118900000000001
ROUTE_PAYMENT_MES_AV_SUCC=4.52741600087556
ROUTE_PAYMENT_HOPS_AV=5.067299999999999
ROUTE_PAYMENT_HOPS_AV_SUCC=4.52741600087556
ROUTE_PAYMENT_SUCCESS_DIRECT=0.9137
ROUTE_PAYMENT_SUCCESS=0.9137
