ROUTE_PAYMENT_MES_AV=6.685500000000004
ROUTE_PAYMENT_MES_AV_SUCC=5.265074917773178
ROUTE_PAYMENT_HOPS_AV=18.34239999999998
ROUTE_PAYMENT_HOPS_AV_SUCC=16.66524546229748
ROUTE_PAYMENT_SUCCESS_DIRECT=0.8209
ROUTE_PAYMENT_SUCCESS=0.8209
