ROUTE_PAYMENT_MES_AV=5.244100000000001
ROUTE_PAYMENT_MES_AV_SUCC=4.597493954715325
ROUTE_PAYMENT_HOPS_AV=5.174600000000001
ROUTE_PAYMENT_HOPS_AV_SUCC=4.592987469773581
ROUTE_PAYMENT_SUCCESS_DIRECT=0.9098
ROUTE_PAYMENT_SUCCESS=0.9098
