ROUTE_PAYMENT_MES_AV=9.409
ROUTE_PAYMENT_MES_AV_SUCC=7.276477261008559
ROUTE_PAYMENT_HOPS_AV=5.129499999999997
ROUTE_PAYMENT_HOPS_AV_SUCC=4.5620294936578345
ROUTE_PAYMENT_SUCCESS_DIRECT=0.9697
ROUTE_PAYMENT_SUCCESS=0.9697
