ROUTE_PAYMENT_MES_AV=7.3778999999999995
ROUTE_PAYMENT_MES_AV_SUCC=5.843252305113159
ROUTE_PAYMENT_HOPS_AV=4.524999999999999
ROUTE_PAYMENT_HOPS_AV_SUCC=4.210274218656449
ROUTE_PAYMENT_SUCCESS_DIRECT=0.8351
ROUTE_PAYMENT_SUCCESS=0.8351
