ROUTE_PAYMENT_MES_AV=5.220180000000001	5.2406999999999995	5.000500000000001	5.652800000000003	0.02709636759999995	0.020344806000000014	0.03384792919999988	5.148036599133338	5.292323400866664
ROUTE_PAYMENT_MES_AV_SUCC=4.556973783370375	4.535504612804025	4.413037207960774	4.84323388385722	0.013037365580284555	0.00814663819026755	0.01901492127919423	4.506931629333392	4.607015937407358
ROUTE_PAYMENT_HOPS_AV=3.7600949999999997	3.7424999999999997	3.6703999999999986	3.9012000000000002	0.0036552564750000037	0.002349996275000019	0.00561314677499998	3.7335977989455866	3.786592201054413
ROUTE_PAYMENT_HOPS_AV_SUCC=3.907725598191695	3.911041189931351	3.843074347886734	4.005390835579514	0.0017478005491669015	0.0016445440724633192	0.001851057025870483	3.889403002046935	3.926048194336455
ROUTE_PAYMENT_SUCCESS_DIRECT=0.70898	0.7104	0.675	0.7508	2.876696000000001E-4	3.034612888888901E-4	2.7474912727272656E-4	0.7015465905017954	0.7164134094982048
ROUTE_PAYMENT_SUCCESS=0.70898	0.7104	0.675	0.7508	2.876696000000001E-4	3.034612888888901E-4	2.7474912727272656E-4	0.7015465905017954	0.7164134094982048
