ROUTE_PAYMENT_MES_AV=6.722500000000001
ROUTE_PAYMENT_MES_AV_SUCC=5.8835072595281295
ROUTE_PAYMENT_HOPS_AV=4.331999999999999
ROUTE_PAYMENT_HOPS_AV_SUCC=4.191243194192376
ROUTE_PAYMENT_SUCCESS_DIRECT=0.8816
ROUTE_PAYMENT_SUCCESS=0.8816
