ROUTE_PAYMENT_MES_AV=6.680699999999999
ROUTE_PAYMENT_MES_AV_SUCC=5.422971627675461
ROUTE_PAYMENT_HOPS_AV=4.283800000000001
ROUTE_PAYMENT_HOPS_AV_SUCC=4.130910900945743
ROUTE_PAYMENT_SUCCESS_DIRECT=0.8036
ROUTE_PAYMENT_SUCCESS=0.8036
