ROUTE_PAYMENT_MES_AV=4.5737749999999995	4.5593	4.314	4.8819	0.018119113874999933	0.014449793541666598	0.023623094374999928	4.51478076813696	4.632769231863039
ROUTE_PAYMENT_MES_AV_SUCC=4.081614674008867	4.079756516310285	3.920316793276225	4.26058428370567	0.005905310001858782	0.005474768665886591	0.006431527190269235	4.0479354230499	4.115293924967833
ROUTE_PAYMENT_HOPS_AV=3.4744099999999998	3.483	3.3618	3.5877999999999997	0.0027667278999999913	0.00322866276666663	0.0023887811909091053	3.4513571673100243	3.4974628326899753
ROUTE_PAYMENT_HOPS_AV_SUCC=3.7781416987171403	3.7826485413166338	3.704941400063352	3.8534695895829896	0.001306107991479693	0.0012753588450343434	0.0013368571379250424	3.762302594480997	3.7939808029532838
ROUTE_PAYMENT_SUCCESS_DIRECT=0.630235	0.6314	0.6067	0.6547	1.2947627500000002E-4	1.2834012499999994E-4	1.3061242500000007E-4	0.6252480367053687	0.6352219632946313
ROUTE_PAYMENT_SUCCESS=0.630235	0.6314	0.6067	0.6547	1.2947627500000002E-4	1.2834012499999994E-4	1.3061242500000007E-4	0.6252480367053687	0.6352219632946313
