ROUTE_PAYMENT_MES_AV=6.817599999999999
ROUTE_PAYMENT_MES_AV_SUCC=5.523201571323349
ROUTE_PAYMENT_HOPS_AV=16.282799999999995
ROUTE_PAYMENT_HOPS_AV_SUCC=15.370734102627054
ROUTE_PAYMENT_SUCCESS_DIRECT=0.8146
ROUTE_PAYMENT_SUCCESS=0.8146
