ROUTE_PAYMENT_MES_AV=5.853199999999997
ROUTE_PAYMENT_MES_AV_SUCC=4.777658776909073
ROUTE_PAYMENT_HOPS_AV=5.560399999999999
ROUTE_PAYMENT_HOPS_AV_SUCC=4.646353218378495
ROUTE_PAYMENT_SUCCESS_DIRECT=0.9337
ROUTE_PAYMENT_SUCCESS=0.9337
