ROUTE_PAYMENT_MES_AV=5.6838
ROUTE_PAYMENT_MES_AV_SUCC=4.701957391586461
ROUTE_PAYMENT_HOPS_AV=38.04420000000003
ROUTE_PAYMENT_HOPS_AV_SUCC=31.137774413323253
ROUTE_PAYMENT_SUCCESS_DIRECT=0.9247
ROUTE_PAYMENT_SUCCESS=0.9247
