ROUTE_PAYMENT_MES_AV=4.994299999999999
ROUTE_PAYMENT_MES_AV_SUCC=4.540388435224018
ROUTE_PAYMENT_HOPS_AV=36.942500000000024
ROUTE_PAYMENT_HOPS_AV_SUCC=33.09258441845066
ROUTE_PAYMENT_SUCCESS_DIRECT=0.9062
ROUTE_PAYMENT_SUCCESS=0.9062
