ROUTE_PAYMENT_MES_AV=5.7032
ROUTE_PAYMENT_MES_AV_SUCC=4.661846615252784
ROUTE_PAYMENT_HOPS_AV=5.404099999999999
ROUTE_PAYMENT_HOPS_AV_SUCC=4.551628106255358
ROUTE_PAYMENT_SUCCESS_DIRECT=0.9336
ROUTE_PAYMENT_SUCCESS=0.9336
