ROUTE_PAYMENT_MES_AV=6.091899999999994
ROUTE_PAYMENT_MES_AV_SUCC=4.781487926908854
ROUTE_PAYMENT_HOPS_AV=5.733599999999997
ROUTE_PAYMENT_HOPS_AV_SUCC=4.667065477485318
ROUTE_PAYMENT_SUCCESS_DIRECT=0.9194
ROUTE_PAYMENT_SUCCESS=0.9194
