ROUTE_PAYMENT_MES_AV=7.1225
ROUTE_PAYMENT_MES_AV_SUCC=6.270931011386467
ROUTE_PAYMENT_HOPS_AV=4.496299999999999
ROUTE_PAYMENT_HOPS_AV_SUCC=4.329091315025674
ROUTE_PAYMENT_SUCCESS_DIRECT=0.8958
ROUTE_PAYMENT_SUCCESS=0.8958
