ROUTE_PAYMENT_MES_AV=5.480399999999998
ROUTE_PAYMENT_MES_AV_SUCC=4.6305655836341755
ROUTE_PAYMENT_HOPS_AV=13.646
ROUTE_PAYMENT_HOPS_AV_SUCC=11.583524778470627
ROUTE_PAYMENT_SUCCESS_DIRECT=0.9141
ROUTE_PAYMENT_SUCCESS=0.9141
