ROUTE_PAYMENT_MES_AV=5.462899999999998
ROUTE_PAYMENT_MES_AV_SUCC=4.609010194015127
ROUTE_PAYMENT_HOPS_AV=15.350200000000003
ROUTE_PAYMENT_HOPS_AV_SUCC=13.294859147210348
ROUTE_PAYMENT_SUCCESS_DIRECT=0.9123
ROUTE_PAYMENT_SUCCESS=0.9123
