ROUTE_PAYMENT_MES_AV=5.502400000000002
ROUTE_PAYMENT_MES_AV_SUCC=4.7175910909287495
ROUTE_PAYMENT_HOPS_AV=12.265300000000005
ROUTE_PAYMENT_HOPS_AV_SUCC=10.483511730997945
ROUTE_PAYMENT_SUCCESS_DIRECT=0.9249
ROUTE_PAYMENT_SUCCESS=0.9249
