ROUTE_PAYMENT_MES_AV=6.050500000000001
ROUTE_PAYMENT_MES_AV_SUCC=4.654825255285488
ROUTE_PAYMENT_HOPS_AV=30.32110000000001
ROUTE_PAYMENT_HOPS_AV_SUCC=29.23443118078527
ROUTE_PAYMENT_SUCCESS_DIRECT=0.6953
ROUTE_PAYMENT_SUCCESS=0.6953
