ROUTE_PAYMENT_MES_AV=4.635
ROUTE_PAYMENT_MES_AV_SUCC=4.140482659421448
ROUTE_PAYMENT_HOPS_AV=3.5032000000000005
ROUTE_PAYMENT_HOPS_AV_SUCC=3.8122103244366303
ROUTE_PAYMENT_SUCCESS_DIRECT=0.6257
ROUTE_PAYMENT_SUCCESS=0.6257
