ROUTE_PAYMENT_MES_AV=5.540900000000001
ROUTE_PAYMENT_MES_AV_SUCC=4.641380802943405
ROUTE_PAYMENT_HOPS_AV=39.43600000000001
ROUTE_PAYMENT_HOPS_AV_SUCC=32.74418352992102
ROUTE_PAYMENT_SUCCESS_DIRECT=0.9241
ROUTE_PAYMENT_SUCCESS=0.9241
