ROUTE_PAYMENT_MES_AV=5.967299999999999
ROUTE_PAYMENT_MES_AV_SUCC=4.900482573726542
ROUTE_PAYMENT_HOPS_AV=5.623400000000001
ROUTE_PAYMENT_HOPS_AV_SUCC=4.7538873994638084
ROUTE_PAYMENT_SUCCESS_DIRECT=0.9325
ROUTE_PAYMENT_SUCCESS=0.9325
