ROUTE_PAYMENT_MES_AV=7.767299999999998
ROUTE_PAYMENT_MES_AV_SUCC=6.162676137014548
ROUTE_PAYMENT_HOPS_AV=11.168999999999993
ROUTE_PAYMENT_HOPS_AV_SUCC=10.154084087524348
ROUTE_PAYMENT_SUCCESS_DIRECT=0.8729
ROUTE_PAYMENT_SUCCESS=0.8729
