ROUTE_PAYMENT_MES_AV=5.901699999999998
ROUTE_PAYMENT_MES_AV_SUCC=4.781630235813503
ROUTE_PAYMENT_HOPS_AV=25.122199999999996
ROUTE_PAYMENT_HOPS_AV_SUCC=20.3378916765371
ROUTE_PAYMENT_SUCCESS_DIRECT=0.9287
ROUTE_PAYMENT_SUCCESS=0.9287
