ROUTE_PAYMENT_MES_AV=7.6000999999999985
ROUTE_PAYMENT_MES_AV_SUCC=6.240706621870597
ROUTE_PAYMENT_HOPS_AV=4.652300000000001
ROUTE_PAYMENT_HOPS_AV_SUCC=4.282973881001411
ROUTE_PAYMENT_SUCCESS_DIRECT=0.9227
ROUTE_PAYMENT_SUCCESS=0.9227
