ROUTE_PAYMENT_MES_AV=5.764499999999998
ROUTE_PAYMENT_MES_AV_SUCC=4.951945988880063
ROUTE_PAYMENT_HOPS_AV=3.9275999999999995
ROUTE_PAYMENT_HOPS_AV_SUCC=3.958035477892507
ROUTE_PAYMENT_SUCCESS_DIRECT=0.7554
ROUTE_PAYMENT_SUCCESS=0.7554
