ROUTE_PAYMENT_MES_AV=6.6830000000000025
ROUTE_PAYMENT_MES_AV_SUCC=5.9958615932865875
ROUTE_PAYMENT_HOPS_AV=8.196800000000003
ROUTE_PAYMENT_HOPS_AV_SUCC=8.368433153236007
ROUTE_PAYMENT_SUCCESS_DIRECT=0.8699
ROUTE_PAYMENT_SUCCESS=0.8699
