ROUTE_PAYMENT_MES_AV=5.673900000000003
ROUTE_PAYMENT_MES_AV_SUCC=4.623158578856151
ROUTE_PAYMENT_HOPS_AV=44.114599999999946
ROUTE_PAYMENT_HOPS_AV_SUCC=35.45797227036394
ROUTE_PAYMENT_SUCCESS_DIRECT=0.9232
ROUTE_PAYMENT_SUCCESS=0.9232
