ROUTE_PAYMENT_MES_AV=6.482049999999998	6.5333000000000006	6.024400000000001	6.934699999999997	0.05792708449999998	0.06562921138888828	0.05162534431818229	6.376567136980643	6.587532863019353
ROUTE_PAYMENT_MES_AV_SUCC=5.641481549129502	5.694231216561991	5.261207629692627	5.954617653732697	0.03704043140129982	0.045624731228645875	0.030016913360743958	5.557132713550333	5.7258303847086705
ROUTE_PAYMENT_HOPS_AV=4.24997	4.2604	4.0886	4.428300000000001	0.007323384099999974	0.009358191899999958	0.005966845566666656	4.212464325523623	4.287475674476378
ROUTE_PAYMENT_HOPS_AV_SUCC=4.153175444132601	4.154570830425681	4.05199854209695	4.240771220315071	0.0020880876969187187	0.002222669883213926	0.001953505510623511	4.1331484652085555	4.1732024230566465
ROUTE_PAYMENT_SUCCESS_DIRECT=0.849365	0.8529	0.8045	0.8817	5.014612749999995E-4	5.738213361111119E-4	4.422575886363621E-4	0.8395506899528291	0.859179310047171
ROUTE_PAYMENT_SUCCESS=0.849365	0.8529	0.8045	0.8817	5.014612749999995E-4	5.738213361111119E-4	4.422575886363621E-4	0.8395506899528291	0.859179310047171
