ROUTE_PAYMENT_MES_AV=5.781500000000002
ROUTE_PAYMENT_MES_AV_SUCC=4.900980601151138
ROUTE_PAYMENT_HOPS_AV=5.512999999999997
ROUTE_PAYMENT_HOPS_AV_SUCC=4.762737156256662
ROUTE_PAYMENT_SUCCESS_DIRECT=0.9382
ROUTE_PAYMENT_SUCCESS=0.9382
