ROUTE_PAYMENT_MES_AV=5.909500000000001
ROUTE_PAYMENT_MES_AV_SUCC=4.838730431052969
ROUTE_PAYMENT_HOPS_AV=5.546099999999999
ROUTE_PAYMENT_HOPS_AV_SUCC=4.719601115161913
ROUTE_PAYMENT_SUCCESS_DIRECT=0.9326
ROUTE_PAYMENT_SUCCESS=0.9326
