ROUTE_PAYMENT_MES_AV=6.031100000000002
ROUTE_PAYMENT_MES_AV_SUCC=4.785929432013771
ROUTE_PAYMENT_HOPS_AV=5.6807000000000025
ROUTE_PAYMENT_HOPS_AV_SUCC=4.645438898450948
ROUTE_PAYMENT_SUCCESS_DIRECT=0.9296
ROUTE_PAYMENT_SUCCESS=0.9296
