ROUTE_PAYMENT_MES_AV=8.966799999999997
ROUTE_PAYMENT_MES_AV_SUCC=7.0699473847106145
ROUTE_PAYMENT_HOPS_AV=4.982900000000002
ROUTE_PAYMENT_HOPS_AV_SUCC=4.484370164035902
ROUTE_PAYMENT_SUCCESS_DIRECT=0.9693
ROUTE_PAYMENT_SUCCESS=0.9693
