ROUTE_PAYMENT_MES_AV=5.6328000000000005
ROUTE_PAYMENT_MES_AV_SUCC=4.6621897496508025
ROUTE_PAYMENT_HOPS_AV=5.356200000000005
ROUTE_PAYMENT_HOPS_AV_SUCC=4.55431395723649
ROUTE_PAYMENT_SUCCESS_DIRECT=0.9307
ROUTE_PAYMENT_SUCCESS=0.9307
