ROUTE_PAYMENT_MES_AV=1.75	1.75	1.75	1.75	0.0	0.0	0.0	1.75	1.75
ROUTE_PAYMENT_MES_AV_SUCC=0.0	0.0	0.0	0.0	0.0	0.0	0.0	0.0	0.0
ROUTE_PAYMENT_HOPS_AV=1.75	1.75	1.75	1.75	0.0	0.0	0.0	1.75	1.75
ROUTE_PAYMENT_HOPS_AV_SUCC=0.0	0.0	0.0	0.0	0.0	0.0	0.0	0.0	0.0
ROUTE_PAYMENT_SUCCESS_DIRECT=0.0	0.0	0.0	0.0	0.0	0.0	0.0	0.0	0.0
ROUTE_PAYMENT_SUCCESS=0.0	0.0	0.0	0.0	0.0	0.0	0.0	0.0	0.0
ROUTE_PAYMENT_FEE_AV=1.2751116071428572	1.2751116071428572	1.2751116071428572	1.2751116071428572	0.0	0.0	0.0	1.2751116071428572	1.2751116071428572
ROUTE_PAYMENT_FEE_MED=2.5	2.5	2.5	2.5	0.0	0.0	0.0	2.5	2.5
ROUTE_PAYMENT_FEE_Q1=1.125	1.125	1.125	1.125	0.0	0.0	0.0	1.125	1.125
ROUTE_PAYMENT_FEE_Q3=1.40625	1.40625	1.40625	1.40625	0.0	0.0	0.0	1.40625	1.40625
