ROUTE_PAYMENT_MES_AV=5.7485
ROUTE_PAYMENT_MES_AV_SUCC=4.712821066263758
ROUTE_PAYMENT_HOPS_AV=12.248699999999998
ROUTE_PAYMENT_HOPS_AV_SUCC=9.964062162745522
ROUTE_PAYMENT_SUCCESS_DIRECT=0.9266
ROUTE_PAYMENT_SUCCESS=0.9266
