ROUTE_PAYMENT_MES_AV=4.147600000000001
ROUTE_PAYMENT_MES_AV_SUCC=4.013198631253056
ROUTE_PAYMENT_HOPS_AV=14.7079
ROUTE_PAYMENT_HOPS_AV_SUCC=19.018901743522882
ROUTE_PAYMENT_SUCCESS_DIRECT=0.6137
ROUTE_PAYMENT_SUCCESS=0.6137
