ROUTE_PAYMENT_MES_AV=6.367899999999998
ROUTE_PAYMENT_MES_AV_SUCC=5.079157029041378
ROUTE_PAYMENT_HOPS_AV=22.922799999999995
ROUTE_PAYMENT_HOPS_AV_SUCC=21.541763042919552
ROUTE_PAYMENT_SUCCESS_DIRECT=0.7782
ROUTE_PAYMENT_SUCCESS=0.7782
