ROUTE_PAYMENT_MES_AV=31.58080000000001
ROUTE_PAYMENT_MES_AV_SUCC=31.675090616190094
ROUTE_PAYMENT_HOPS_AV=4.6253
ROUTE_PAYMENT_HOPS_AV_SUCC=4.631292790978657
ROUTE_PAYMENT_SUCCESS_DIRECT=0.9932
ROUTE_PAYMENT_SUCCESS=0.9932
ROUTE_PAYMENT_FEE_AV=2.562219194585175
ROUTE_PAYMENT_FEE_MED=4.03267465908091
ROUTE_PAYMENT_FEE_Q1=1.98606527735365
ROUTE_PAYMENT_FEE_Q3=3.0067214503332185
