ROUTE_PAYMENT_MES_AV=5.711300000000001
ROUTE_PAYMENT_MES_AV_SUCC=4.567921089310603
ROUTE_PAYMENT_HOPS_AV=5.361400000000002
ROUTE_PAYMENT_HOPS_AV_SUCC=4.4462313712876576
ROUTE_PAYMENT_SUCCESS_DIRECT=0.9327
ROUTE_PAYMENT_SUCCESS=0.9327
