ROUTE_PAYMENT_MES_AV=6.034800000000004
ROUTE_PAYMENT_MES_AV_SUCC=4.78235930735931
ROUTE_PAYMENT_HOPS_AV=5.746099999999998
ROUTE_PAYMENT_HOPS_AV_SUCC=4.684632034632035
ROUTE_PAYMENT_SUCCESS_DIRECT=0.924
ROUTE_PAYMENT_SUCCESS=0.924
