ROUTE_PAYMENT_MES_AV=5.8426
ROUTE_PAYMENT_MES_AV_SUCC=4.767963585130594
ROUTE_PAYMENT_HOPS_AV=34.77060000000001
ROUTE_PAYMENT_HOPS_AV_SUCC=28.44619052779886
ROUTE_PAYMENT_SUCCESS_DIRECT=0.9227
ROUTE_PAYMENT_SUCCESS=0.9227
