ROUTE_PAYMENT_MES_AV=7.083999999999998
ROUTE_PAYMENT_MES_AV_SUCC=5.788899660688317
ROUTE_PAYMENT_HOPS_AV=15.691999999999998
ROUTE_PAYMENT_HOPS_AV_SUCC=14.714978187106162
ROUTE_PAYMENT_SUCCESS_DIRECT=0.8252
ROUTE_PAYMENT_SUCCESS=0.8252
