ROUTE_PAYMENT_MES_AV=4.080100000000001
ROUTE_PAYMENT_MES_AV_SUCC=4.011673151750974
ROUTE_PAYMENT_HOPS_AV=15.719799999999996
ROUTE_PAYMENT_HOPS_AV_SUCC=20.403534370946833
ROUTE_PAYMENT_SUCCESS_DIRECT=0.6168
ROUTE_PAYMENT_SUCCESS=0.6168
