ROUTE_PAYMENT_MES_AV=5.806799999999998
ROUTE_PAYMENT_MES_AV_SUCC=4.74419104991394
ROUTE_PAYMENT_HOPS_AV=14.380599999999998
ROUTE_PAYMENT_HOPS_AV_SUCC=11.909961273666088
ROUTE_PAYMENT_SUCCESS_DIRECT=0.9296
ROUTE_PAYMENT_SUCCESS=0.9296
