ROUTE_PAYMENT_MES_AV=5.753400000000002
ROUTE_PAYMENT_MES_AV_SUCC=4.597946028624495
ROUTE_PAYMENT_HOPS_AV=29.06680000000001
ROUTE_PAYMENT_HOPS_AV_SUCC=22.946247132087848
ROUTE_PAYMENT_SUCCESS_DIRECT=0.9153
ROUTE_PAYMENT_SUCCESS=0.9153
