ROUTE_PAYMENT_MES_AV=5.286100000000002
ROUTE_PAYMENT_MES_AV_SUCC=4.611791984100693
ROUTE_PAYMENT_HOPS_AV=24.19920000000003
ROUTE_PAYMENT_HOPS_AV_SUCC=21.11151595451033
ROUTE_PAYMENT_SUCCESS_DIRECT=0.9057
ROUTE_PAYMENT_SUCCESS=0.9057
