ROUTE_PAYMENT_MES_AV=8.9064
ROUTE_PAYMENT_MES_AV_SUCC=7.2029252326889655
ROUTE_PAYMENT_HOPS_AV=4.9558
ROUTE_PAYMENT_HOPS_AV_SUCC=4.523780300705737
ROUTE_PAYMENT_SUCCESS_DIRECT=0.9777
ROUTE_PAYMENT_SUCCESS=0.9777
