ROUTE_PAYMENT_MES_AV=5.6443999999999965
ROUTE_PAYMENT_MES_AV_SUCC=4.653410927901715
ROUTE_PAYMENT_HOPS_AV=5.373900000000004
ROUTE_PAYMENT_HOPS_AV_SUCC=4.558249811402092
ROUTE_PAYMENT_SUCCESS_DIRECT=0.9279
ROUTE_PAYMENT_SUCCESS=0.9279
