ROUTE_PAYMENT_MES_AV=4.882999999999999
ROUTE_PAYMENT_MES_AV_SUCC=4.5025671116326835
ROUTE_PAYMENT_HOPS_AV=12.673099999999998
ROUTE_PAYMENT_HOPS_AV_SUCC=15.344433035059408
ROUTE_PAYMENT_SUCCESS_DIRECT=0.6817
ROUTE_PAYMENT_SUCCESS=0.6817
