ROUTE_PAYMENT_MES_AV=5.667699999999999
ROUTE_PAYMENT_MES_AV_SUCC=5.145620437956205
ROUTE_PAYMENT_HOPS_AV=9.416700000000002
ROUTE_PAYMENT_HOPS_AV_SUCC=10.060705596107058
ROUTE_PAYMENT_SUCCESS_DIRECT=0.822
ROUTE_PAYMENT_SUCCESS=0.822
