ROUTE_PAYMENT_MES_AV=5.348099999999999
ROUTE_PAYMENT_MES_AV_SUCC=4.636085626911315
ROUTE_PAYMENT_HOPS_AV=18.53239999999999
ROUTE_PAYMENT_HOPS_AV_SUCC=15.74104412407165
ROUTE_PAYMENT_SUCCESS_DIRECT=0.9156
ROUTE_PAYMENT_SUCCESS=0.9156
