ROUTE_PAYMENT_MES_AV=5.7670999999999975
ROUTE_PAYMENT_MES_AV_SUCC=4.74468313641246
ROUTE_PAYMENT_HOPS_AV=5.504099999999999
ROUTE_PAYMENT_HOPS_AV_SUCC=4.641675617615468
ROUTE_PAYMENT_SUCCESS_DIRECT=0.931
ROUTE_PAYMENT_SUCCESS=0.931
