ROUTE_PAYMENT_MES_AV=5.738599999999999
ROUTE_PAYMENT_MES_AV_SUCC=4.460670949321913
ROUTE_PAYMENT_HOPS_AV=29.579199999999993
ROUTE_PAYMENT_HOPS_AV_SUCC=28.767451820128493
ROUTE_PAYMENT_SUCCESS_DIRECT=0.7005
ROUTE_PAYMENT_SUCCESS=0.7005
