ROUTE_PAYMENT_MES_AV=5.201700000000001
ROUTE_PAYMENT_MES_AV_SUCC=4.5300164024056855
ROUTE_PAYMENT_HOPS_AV=5.088
ROUTE_PAYMENT_HOPS_AV_SUCC=4.5004920721705854
ROUTE_PAYMENT_SUCCESS_DIRECT=0.9145
ROUTE_PAYMENT_SUCCESS=0.9145
