ROUTE_PAYMENT_MES_AV=3.6091
ROUTE_PAYMENT_MES_AV_SUCC=3.7555555555555546
ROUTE_PAYMENT_HOPS_AV=18.245899999999995
ROUTE_PAYMENT_HOPS_AV_SUCC=24.551314673452076
ROUTE_PAYMENT_SUCCESS_DIRECT=0.5895
ROUTE_PAYMENT_SUCCESS=0.5895
