ROUTE_PAYMENT_MES_AV=5.922600000000004
ROUTE_PAYMENT_MES_AV_SUCC=4.696946811953826
ROUTE_PAYMENT_HOPS_AV=5.5779000000000005
ROUTE_PAYMENT_HOPS_AV_SUCC=4.594346747221927
ROUTE_PAYMENT_SUCCESS_DIRECT=0.9269
ROUTE_PAYMENT_SUCCESS=0.9269
