ROUTE_PAYMENT_MES_AV=5.821699999999999
ROUTE_PAYMENT_MES_AV_SUCC=4.7684119987098175
ROUTE_PAYMENT_HOPS_AV=5.5447000000000015
ROUTE_PAYMENT_HOPS_AV_SUCC=4.644231803031933
ROUTE_PAYMENT_SUCCESS_DIRECT=0.9301
ROUTE_PAYMENT_SUCCESS=0.9301
