ROUTE_PAYMENT_MES_AV=7.9697
ROUTE_PAYMENT_MES_AV_SUCC=6.348880597014928
ROUTE_PAYMENT_HOPS_AV=10.278700000000002
ROUTE_PAYMENT_HOPS_AV_SUCC=9.110513608428446
ROUTE_PAYMENT_SUCCESS_DIRECT=0.9112
ROUTE_PAYMENT_SUCCESS=0.9112
