ROUTE_PAYMENT_MES_AV=6.840799999999998
ROUTE_PAYMENT_MES_AV_SUCC=5.739145992366412
ROUTE_PAYMENT_HOPS_AV=4.3442
ROUTE_PAYMENT_HOPS_AV_SUCC=4.198234732824427
ROUTE_PAYMENT_SUCCESS_DIRECT=0.8384
ROUTE_PAYMENT_SUCCESS=0.8384
