ROUTE_PAYMENT_MES_AV=4.3432
ROUTE_PAYMENT_MES_AV_SUCC=3.928547182620503
ROUTE_PAYMENT_HOPS_AV=3.3800999999999997
ROUTE_PAYMENT_HOPS_AV_SUCC=3.764765784114053
ROUTE_PAYMENT_SUCCESS_DIRECT=0.5892
ROUTE_PAYMENT_SUCCESS=0.5892
