ROUTE_PAYMENT_MES_AV=5.026700000000001
ROUTE_PAYMENT_MES_AV_SUCC=4.402740937223696
ROUTE_PAYMENT_HOPS_AV=37.19630000000002
ROUTE_PAYMENT_HOPS_AV_SUCC=31.999889478337767
ROUTE_PAYMENT_SUCCESS_DIRECT=0.9048
ROUTE_PAYMENT_SUCCESS=0.9048
