ROUTE_PAYMENT_MES_AV=4.837300000000001
ROUTE_PAYMENT_MES_AV_SUCC=4.447508109702151
ROUTE_PAYMENT_HOPS_AV=12.817499999999999
ROUTE_PAYMENT_HOPS_AV_SUCC=15.585078148038923
ROUTE_PAYMENT_SUCCESS_DIRECT=0.6782
ROUTE_PAYMENT_SUCCESS=0.6782
