ROUTE_PAYMENT_MES_AV=6.124800000000004
ROUTE_PAYMENT_MES_AV_SUCC=4.812479827864444
ROUTE_PAYMENT_HOPS_AV=5.747100000000001
ROUTE_PAYMENT_HOPS_AV_SUCC=4.671221086605701
ROUTE_PAYMENT_SUCCESS_DIRECT=0.9295
ROUTE_PAYMENT_SUCCESS=0.9295
