ROUTE_PAYMENT_MES_AV=5.789715000000002	5.791700000000003	5.459999999999998	6.101900000000003	0.018964145275000333	0.0192934900250007	0.018634800524999967	5.729360770451262	5.850069229548742
ROUTE_PAYMENT_MES_AV_SUCC=4.736081767838217	4.738046411225038	4.639468280557654	4.875388406728806	0.003924237088883197	0.0032859249862385274	0.004562549191527865	4.708626942032311	4.763536593644124
ROUTE_PAYMENT_HOPS_AV=5.500205000000001	5.499900000000003	5.238500000000002	5.7728	0.013922725475000184	0.012281912934091142	0.01592816302500013	5.448491586757033	5.551918413242969
ROUTE_PAYMENT_HOPS_AV_SUCC=4.63518210082753	4.636060279870831	4.541446017507836	4.759455694846243	0.0034179124432878447	0.0029789540971669705	0.0038568707894087186	4.60955959856669	4.660804603088369
ROUTE_PAYMENT_SUCCESS_DIRECT=0.9278350000000002	0.9276	0.9156	0.9369	1.9417275000000016E-5	1.981004318181937E-5	1.8937224999998584E-5	0.9259037645969486	0.9297662354030518
ROUTE_PAYMENT_SUCCESS=0.9278350000000002	0.9276	0.9156	0.9369	1.9417275000000016E-5	1.981004318181937E-5	1.8937224999998584E-5	0.9259037645969486	0.9297662354030518
