ROUTE_PAYMENT_MES_AV=5.657699999999998
ROUTE_PAYMENT_MES_AV_SUCC=4.829055277452336
ROUTE_PAYMENT_HOPS_AV=5.383400000000002
ROUTE_PAYMENT_HOPS_AV_SUCC=4.696346788795399
ROUTE_PAYMENT_SUCCESS_DIRECT=0.9389
ROUTE_PAYMENT_SUCCESS=0.9389
