ROUTE_PAYMENT_MES_AV=6.127299999999998
ROUTE_PAYMENT_MES_AV_SUCC=4.826318593500268
ROUTE_PAYMENT_HOPS_AV=23.721599999999995
ROUTE_PAYMENT_HOPS_AV_SUCC=22.50213106020244
ROUTE_PAYMENT_SUCCESS_DIRECT=0.7508
ROUTE_PAYMENT_SUCCESS=0.7508
