ROUTE_PAYMENT_MES_AV=4.4187199999999995	4.4218	4.1309	4.7802	0.028927752600000113	0.02756934159999992	0.03028616360000031	4.344178449711532	4.493261550288467
ROUTE_PAYMENT_MES_AV_SUCC=4.181110984434895	4.199691833590138	3.9943351691581435	4.411135213304412	0.01343107983367875	0.013003182276983475	0.013858977390374023	4.130318841199419	4.23190312767037
ROUTE_PAYMENT_HOPS_AV=13.799584999999999	13.851699999999996	12.319500000000007	15.356200000000001	0.742826747274998	0.7373212226249962	0.748332271925	13.421852076340198	14.1773179236598
ROUTE_PAYMENT_HOPS_AV_SUCC=17.18235823299234	17.268939393939387	14.675488069414314	19.50259638080252	1.9243361901990454	1.9703223922227555	1.8783499881753358	16.57438907636231	17.79032738962237
ROUTE_PAYMENT_SUCCESS_DIRECT=0.6542	0.6521	0.6338	0.6915	2.670069999999999E-4	1.5700583333333297E-4	4.3200875000000026E-4	0.6470385263695242	0.6613614736304758
ROUTE_PAYMENT_SUCCESS=0.6542	0.6521	0.6338	0.6915	2.670069999999999E-4	1.5700583333333297E-4	4.3200875000000026E-4	0.6470385263695242	0.6613614736304758
