ROUTE_PAYMENT_MES_AV=5.933799999999999
ROUTE_PAYMENT_MES_AV_SUCC=5.303524722879561
ROUTE_PAYMENT_HOPS_AV=9.489800000000011
ROUTE_PAYMENT_HOPS_AV_SUCC=10.258064516129027
ROUTE_PAYMENT_SUCCESS_DIRECT=0.8029
ROUTE_PAYMENT_SUCCESS=0.8029
