ROUTE_PAYMENT_MES_AV=6.529599999999999
ROUTE_PAYMENT_MES_AV_SUCC=5.279560384032338
ROUTE_PAYMENT_HOPS_AV=22.320499999999992
ROUTE_PAYMENT_HOPS_AV_SUCC=20.811520970186965
ROUTE_PAYMENT_SUCCESS_DIRECT=0.7916
ROUTE_PAYMENT_SUCCESS=0.7916
