ROUTE_PAYMENT_MES_AV=4.527299999999999
ROUTE_PAYMENT_MES_AV_SUCC=4.053737568174526
ROUTE_PAYMENT_HOPS_AV=3.4478999999999997
ROUTE_PAYMENT_HOPS_AV_SUCC=3.765640038498556
ROUTE_PAYMENT_SUCCESS_DIRECT=0.6234
ROUTE_PAYMENT_SUCCESS=0.6234
