ROUTE_PAYMENT_MES_AV=6.056299999999997
ROUTE_PAYMENT_MES_AV_SUCC=4.9189682966147235
ROUTE_PAYMENT_HOPS_AV=5.7471
ROUTE_PAYMENT_HOPS_AV_SUCC=4.805158516926386
ROUTE_PAYMENT_SUCCESS_DIRECT=0.9305
ROUTE_PAYMENT_SUCCESS=0.9305
