ROUTE_PAYMENT_MES_AV=5.2216000000000005
ROUTE_PAYMENT_MES_AV_SUCC=4.558921070086226
ROUTE_PAYMENT_HOPS_AV=5.118199999999998
ROUTE_PAYMENT_HOPS_AV_SUCC=4.542228609330093
ROUTE_PAYMENT_SUCCESS_DIRECT=0.9046
ROUTE_PAYMENT_SUCCESS=0.9046
