ROUTE_PAYMENT_MES_AV=6.393000000000002
ROUTE_PAYMENT_MES_AV_SUCC=5.173424586776856
ROUTE_PAYMENT_HOPS_AV=22.790399999999984
ROUTE_PAYMENT_HOPS_AV_SUCC=21.73489152892561
ROUTE_PAYMENT_SUCCESS_DIRECT=0.7744
ROUTE_PAYMENT_SUCCESS=0.7744
