ROUTE_PAYMENT_MES_AV=6.6402
ROUTE_PAYMENT_MES_AV_SUCC=5.289713706612617
ROUTE_PAYMENT_HOPS_AV=19.30799999999999
ROUTE_PAYMENT_HOPS_AV_SUCC=18.01431466936915
ROUTE_PAYMENT_SUCCESS_DIRECT=0.7894
ROUTE_PAYMENT_SUCCESS=0.7894
