ROUTE_PAYMENT_MES_AV=6.6014
ROUTE_PAYMENT_MES_AV_SUCC=5.061798494652056
ROUTE_PAYMENT_HOPS_AV=21.753199999999993
ROUTE_PAYMENT_HOPS_AV_SUCC=20.03129539152252
ROUTE_PAYMENT_SUCCESS_DIRECT=0.7573
ROUTE_PAYMENT_SUCCESS=0.7573
