ROUTE_PAYMENT_MES_AV=3.4698
ROUTE_PAYMENT_MES_AV_SUCC=3.6772936592277716
ROUTE_PAYMENT_HOPS_AV=19.268499999999992
ROUTE_PAYMENT_HOPS_AV_SUCC=26.505844845908623
ROUTE_PAYMENT_SUCCESS_DIRECT=0.5646
ROUTE_PAYMENT_SUCCESS=0.5646
