ROUTE_PAYMENT_MES_AV=6.105799999999998
ROUTE_PAYMENT_MES_AV_SUCC=5.4174228675136105
ROUTE_PAYMENT_HOPS_AV=8.8034
ROUTE_PAYMENT_HOPS_AV_SUCC=9.278765880217781
ROUTE_PAYMENT_SUCCESS_DIRECT=0.8265
ROUTE_PAYMENT_SUCCESS=0.8265
