ROUTE_PAYMENT_MES_AV=6.043100000000001
ROUTE_PAYMENT_MES_AV_SUCC=4.832080738672965
ROUTE_PAYMENT_HOPS_AV=5.701100000000002
ROUTE_PAYMENT_HOPS_AV_SUCC=4.680266265836377
ROUTE_PAYMENT_SUCCESS_DIRECT=0.9314
ROUTE_PAYMENT_SUCCESS=0.9314
