ROUTE_PAYMENT_MES_AV=7.183700000000001
ROUTE_PAYMENT_MES_AV_SUCC=5.832680669277323
ROUTE_PAYMENT_HOPS_AV=16.376500000000004
ROUTE_PAYMENT_HOPS_AV_SUCC=14.882045805150113
ROUTE_PAYMENT_SUCCESS_DIRECT=0.8427
ROUTE_PAYMENT_SUCCESS=0.8427
