ROUTE_PAYMENT_MES_AV=5.838800000000002
ROUTE_PAYMENT_MES_AV_SUCC=4.667322834645671
ROUTE_PAYMENT_HOPS_AV=45.146099999999976
ROUTE_PAYMENT_HOPS_AV_SUCC=35.33639545056875
ROUTE_PAYMENT_SUCCESS_DIRECT=0.9144
ROUTE_PAYMENT_SUCCESS=0.9144
