ROUTE_PAYMENT_MES_AV=5.864299999999998
ROUTE_PAYMENT_MES_AV_SUCC=4.740471092077087
ROUTE_PAYMENT_HOPS_AV=5.555300000000001
ROUTE_PAYMENT_HOPS_AV_SUCC=4.619807280513918
ROUTE_PAYMENT_SUCCESS_DIRECT=0.934
ROUTE_PAYMENT_SUCCESS=0.934
