ROUTE_PAYMENT_MES_AV=5.838000000000003
ROUTE_PAYMENT_MES_AV_SUCC=4.8223888591323005
ROUTE_PAYMENT_HOPS_AV=5.544399999999996
ROUTE_PAYMENT_HOPS_AV_SUCC=4.686555972147833
ROUTE_PAYMENT_SUCCESS_DIRECT=0.9335
ROUTE_PAYMENT_SUCCESS=0.9335
