ROUTE_PAYMENT_MES_AV=7.849999999999999
ROUTE_PAYMENT_MES_AV_SUCC=6.394821646849651
ROUTE_PAYMENT_HOPS_AV=4.6651
ROUTE_PAYMENT_HOPS_AV_SUCC=4.350594510501167
ROUTE_PAYMENT_SUCCESS_DIRECT=0.8999
ROUTE_PAYMENT_SUCCESS=0.8999
