ROUTE_PAYMENT_MES_AV=5.8610999999999995
ROUTE_PAYMENT_MES_AV_SUCC=4.645873734109025
ROUTE_PAYMENT_HOPS_AV=5.564000000000001
ROUTE_PAYMENT_HOPS_AV_SUCC=4.551066580478343
ROUTE_PAYMENT_SUCCESS_DIRECT=0.9282
ROUTE_PAYMENT_SUCCESS=0.9282
