ROUTE_PAYMENT_MES_AV=6.537199999999998
ROUTE_PAYMENT_MES_AV_SUCC=5.283619501190626
ROUTE_PAYMENT_HOPS_AV=17.279899999999994
ROUTE_PAYMENT_HOPS_AV_SUCC=16.492166938212808
ROUTE_PAYMENT_SUCCESS_DIRECT=0.7979
ROUTE_PAYMENT_SUCCESS=0.7979
