ROUTE_PAYMENT_MES_AV=5.858600000000001
ROUTE_PAYMENT_MES_AV_SUCC=4.8380880611475945
ROUTE_PAYMENT_HOPS_AV=35.35189999999998
ROUTE_PAYMENT_HOPS_AV_SUCC=28.9116158897621
ROUTE_PAYMENT_SUCCESS_DIRECT=0.9289
ROUTE_PAYMENT_SUCCESS=0.9289
