ROUTE_PAYMENT_MES_AV=5.7181
ROUTE_PAYMENT_MES_AV_SUCC=4.9922683789804765
ROUTE_PAYMENT_HOPS_AV=3.9677000000000007
ROUTE_PAYMENT_HOPS_AV_SUCC=4.027650373476608
ROUTE_PAYMENT_SUCCESS_DIRECT=0.7631
ROUTE_PAYMENT_SUCCESS=0.7631
