ROUTE_PAYMENT_MES_AV=5.916000000000001
ROUTE_PAYMENT_MES_AV_SUCC=4.814489336619869
ROUTE_PAYMENT_HOPS_AV=5.607199999999999
ROUTE_PAYMENT_HOPS_AV_SUCC=4.674847283249382
ROUTE_PAYMENT_SUCCESS_DIRECT=0.9331
ROUTE_PAYMENT_SUCCESS=0.9331
