ROUTE_PAYMENT_MES_AV=4.5695000000000014
ROUTE_PAYMENT_MES_AV_SUCC=4.3364942954511765
ROUTE_PAYMENT_HOPS_AV=13.740799999999995
ROUTE_PAYMENT_HOPS_AV_SUCC=16.766483923544232
ROUTE_PAYMENT_SUCCESS_DIRECT=0.6749
ROUTE_PAYMENT_SUCCESS=0.6749
