ROUTE_PAYMENT_MES_AV=8.522099999999996
ROUTE_PAYMENT_MES_AV_SUCC=6.825406890720779
ROUTE_PAYMENT_HOPS_AV=4.887199999999999
ROUTE_PAYMENT_HOPS_AV_SUCC=4.443352356795603
ROUTE_PAYMENT_SUCCESS_DIRECT=0.9462
ROUTE_PAYMENT_SUCCESS=0.9462
