ROUTE_PAYMENT_MES_AV=5.233299999999998
ROUTE_PAYMENT_MES_AV_SUCC=4.557136554158393
ROUTE_PAYMENT_HOPS_AV=26.204700000000003
ROUTE_PAYMENT_HOPS_AV_SUCC=22.656408559452892
ROUTE_PAYMENT_SUCCESS_DIRECT=0.9066
ROUTE_PAYMENT_SUCCESS=0.9066
