ROUTE_PAYMENT_MES_AV=6.102
ROUTE_PAYMENT_MES_AV_SUCC=4.803554208568673
ROUTE_PAYMENT_HOPS_AV=27.771600000000017
ROUTE_PAYMENT_HOPS_AV_SUCC=26.607521697203467
ROUTE_PAYMENT_SUCCESS_DIRECT=0.7259
ROUTE_PAYMENT_SUCCESS=0.7259
