ROUTE_PAYMENT_MES_AV=5.0611000000000015
ROUTE_PAYMENT_MES_AV_SUCC=4.4276659624152135
ROUTE_PAYMENT_HOPS_AV=40.31009999999997
ROUTE_PAYMENT_HOPS_AV_SUCC=34.44668075169573
ROUTE_PAYMENT_SUCCESS_DIRECT=0.8993
ROUTE_PAYMENT_SUCCESS=0.8993
