ROUTE_PAYMENT_MES_AV=9.139599999999994
ROUTE_PAYMENT_MES_AV_SUCC=7.303453947368421
ROUTE_PAYMENT_HOPS_AV=5.121200000000003
ROUTE_PAYMENT_HOPS_AV_SUCC=4.611019736842106
ROUTE_PAYMENT_SUCCESS_DIRECT=0.9728
ROUTE_PAYMENT_SUCCESS=0.9728
