ROUTE_PAYMENT_MES_AV=7.224400000000005
ROUTE_PAYMENT_MES_AV_SUCC=6.021330566124756
ROUTE_PAYMENT_HOPS_AV=4.5203000000000015
ROUTE_PAYMENT_HOPS_AV_SUCC=4.263115415657788
ROUTE_PAYMENT_SUCCESS_DIRECT=0.8673
ROUTE_PAYMENT_SUCCESS=0.8673
