ROUTE_PAYMENT_MES_AV=3.6797999999999997
ROUTE_PAYMENT_MES_AV_SUCC=3.8153600567577164
ROUTE_PAYMENT_HOPS_AV=17.917099999999994
ROUTE_PAYMENT_HOPS_AV_SUCC=24.52146151117418
ROUTE_PAYMENT_SUCCESS_DIRECT=0.5638
ROUTE_PAYMENT_SUCCESS=0.5638
