ROUTE_PAYMENT_MES_AV=6.133699999999998
ROUTE_PAYMENT_MES_AV_SUCC=5.359468357517377
ROUTE_PAYMENT_HOPS_AV=4.1426
ROUTE_PAYMENT_HOPS_AV_SUCC=4.104133642238752
ROUTE_PAYMENT_SUCCESS_DIRECT=0.8201
ROUTE_PAYMENT_SUCCESS=0.8201
