ROUTE_PAYMENT_MES_AV=5.048799999999998
ROUTE_PAYMENT_MES_AV_SUCC=4.452170110418715
ROUTE_PAYMENT_HOPS_AV=4.981400000000002
ROUTE_PAYMENT_HOPS_AV_SUCC=4.444954629933309
ROUTE_PAYMENT_SUCCESS_DIRECT=0.9147
ROUTE_PAYMENT_SUCCESS=0.9147
