ROUTE_PAYMENT_MES_AV=6.1027
ROUTE_PAYMENT_MES_AV_SUCC=5.224093103875202
ROUTE_PAYMENT_HOPS_AV=4.085699999999998
ROUTE_PAYMENT_HOPS_AV_SUCC=4.036894886715364
ROUTE_PAYMENT_SUCCESS_DIRECT=0.8077
ROUTE_PAYMENT_SUCCESS=0.8077
