ROUTE_PAYMENT_MES_AV=6.198199999999999
ROUTE_PAYMENT_MES_AV_SUCC=4.803066989507668
ROUTE_PAYMENT_HOPS_AV=4.0813999999999995
ROUTE_PAYMENT_HOPS_AV_SUCC=3.9335485606672065
ROUTE_PAYMENT_SUCCESS_DIRECT=0.7434
ROUTE_PAYMENT_SUCCESS=0.7434
