ROUTE_PAYMENT_MES_AV=5.7776000000000005
ROUTE_PAYMENT_MES_AV_SUCC=4.680887739711266
ROUTE_PAYMENT_HOPS_AV=5.489499999999998
ROUTE_PAYMENT_HOPS_AV_SUCC=4.601702219349275
ROUTE_PAYMENT_SUCCESS_DIRECT=0.9282
ROUTE_PAYMENT_SUCCESS=0.9282
