ROUTE_PAYMENT_MES_AV=5.9043399999999995	5.914500000000001	5.678499999999999	6.243399999999999	0.025974217399999954	0.0255249009999998	0.0264235338000001	5.833706242644242	5.974973757355757
ROUTE_PAYMENT_MES_AV_SUCC=4.754580815811164	4.765450643776827	4.567921089310603	4.873427331887201	0.00570323188494703	0.010360694495526445	0.0031953674023273457	4.72148282825209	4.787678803370238
ROUTE_PAYMENT_HOPS_AV=5.581990000000001	5.602800000000003	5.361400000000002	5.872300000000001	0.01857340890000011	0.018474732500000333	0.018672085299999884	5.522260774477548	5.641719225522454
ROUTE_PAYMENT_HOPS_AV_SUCC=4.63150411075245	4.649128435461444	4.4462313712876576	4.739913232104122	0.004994951611581836	0.007000158798851906	0.0033543275492699605	4.600529438751723	4.662478782753178
ROUTE_PAYMENT_SUCCESS_DIRECT=0.930655	0.932	0.9186	0.9401	2.1499475000000066E-5	3.3977525000000135E-5	1.3180775000000033E-5	0.9286228535589186	0.9326871464410814
ROUTE_PAYMENT_SUCCESS=0.930655	0.932	0.9186	0.9401	2.1499475000000066E-5	3.3977525000000135E-5	1.3180775000000033E-5	0.9286228535589186	0.9326871464410814
