ROUTE_PAYMENT_MES_AV=5.7705
ROUTE_PAYMENT_MES_AV_SUCC=4.763316799654952
ROUTE_PAYMENT_HOPS_AV=40.65830000000003
ROUTE_PAYMENT_HOPS_AV_SUCC=33.32402415354756
ROUTE_PAYMENT_SUCCESS_DIRECT=0.9274
ROUTE_PAYMENT_SUCCESS=0.9274
