ROUTE_PAYMENT_MES_AV=6.159500000000005
ROUTE_PAYMENT_MES_AV_SUCC=4.851256606622804
ROUTE_PAYMENT_HOPS_AV=5.803500000000002
ROUTE_PAYMENT_HOPS_AV_SUCC=4.696472872397798
ROUTE_PAYMENT_SUCCESS_DIRECT=0.9271
ROUTE_PAYMENT_SUCCESS=0.9271
