ROUTE_PAYMENT_MES_AV=6.312899999999999
ROUTE_PAYMENT_MES_AV_SUCC=5.08850353243417
ROUTE_PAYMENT_HOPS_AV=19.996299999999987
ROUTE_PAYMENT_HOPS_AV_SUCC=19.218882466281308
ROUTE_PAYMENT_SUCCESS_DIRECT=0.7785
ROUTE_PAYMENT_SUCCESS=0.7785
