ROUTE_PAYMENT_MES_AV=5.146299999999999
ROUTE_PAYMENT_MES_AV_SUCC=4.475957801221543
ROUTE_PAYMENT_HOPS_AV=33.57810000000003
ROUTE_PAYMENT_HOPS_AV_SUCC=28.664075513603557
ROUTE_PAYMENT_SUCCESS_DIRECT=0.9005
ROUTE_PAYMENT_SUCCESS=0.9005
