ROUTE_PAYMENT_MES_AV=7.7143000000000015
ROUTE_PAYMENT_MES_AV_SUCC=6.45701714801444
ROUTE_PAYMENT_HOPS_AV=9.745099999999995
ROUTE_PAYMENT_HOPS_AV_SUCC=9.21175541516245
ROUTE_PAYMENT_SUCCESS_DIRECT=0.8864
ROUTE_PAYMENT_SUCCESS=0.8864
