ROUTE_PAYMENT_MES_AV=8.4583
ROUTE_PAYMENT_MES_AV_SUCC=7.008195041999589
ROUTE_PAYMENT_HOPS_AV=4.8978
ROUTE_PAYMENT_HOPS_AV_SUCC=4.460561360376974
ROUTE_PAYMENT_SUCCESS_DIRECT=0.9762
ROUTE_PAYMENT_SUCCESS=0.9762
