ROUTE_PAYMENT_MES_AV=6.1716000000000015
ROUTE_PAYMENT_MES_AV_SUCC=4.864352894423104
ROUTE_PAYMENT_HOPS_AV=4.106000000000001
ROUTE_PAYMENT_HOPS_AV_SUCC=3.984633726321367
ROUTE_PAYMENT_SUCCESS_DIRECT=0.7549
ROUTE_PAYMENT_SUCCESS=0.7549
