ROUTE_PAYMENT_MES_AV=7.284500000000001
ROUTE_PAYMENT_MES_AV_SUCC=6.0769946499185865
ROUTE_PAYMENT_HOPS_AV=13.104800000000001
ROUTE_PAYMENT_HOPS_AV_SUCC=12.137590137241217
ROUTE_PAYMENT_SUCCESS_DIRECT=0.8598
ROUTE_PAYMENT_SUCCESS=0.8598
