ROUTE_PAYMENT_MES_AV=5.0831
ROUTE_PAYMENT_MES_AV_SUCC=4.470542806707855
ROUTE_PAYMENT_HOPS_AV=5.0238000000000005
ROUTE_PAYMENT_HOPS_AV_SUCC=4.469549867608119
ROUTE_PAYMENT_SUCCESS_DIRECT=0.9064
ROUTE_PAYMENT_SUCCESS=0.9064
