ROUTE_PAYMENT_MES_AV=5.139200000000002
ROUTE_PAYMENT_MES_AV_SUCC=4.468403547671839
ROUTE_PAYMENT_HOPS_AV=31.528599999999994
ROUTE_PAYMENT_HOPS_AV_SUCC=27.004101995565392
ROUTE_PAYMENT_SUCCESS_DIRECT=0.902
ROUTE_PAYMENT_SUCCESS=0.902
