ROUTE_PAYMENT_MES_AV=34.12070000000001
ROUTE_PAYMENT_MES_AV_SUCC=34.14968794040669
ROUTE_PAYMENT_HOPS_AV=4.511899999999999
ROUTE_PAYMENT_HOPS_AV_SUCC=4.517918260519425
ROUTE_PAYMENT_SUCCESS_DIRECT=0.9934
ROUTE_PAYMENT_SUCCESS=0.9934
ROUTE_PAYMENT_FEE_AV=2.5189105636087867
ROUTE_PAYMENT_FEE_MED=4.028835907266231
ROUTE_PAYMENT_FEE_Q1=1.9830401073128043
ROUTE_PAYMENT_FEE_Q3=2.9981426495805277
