ROUTE_PAYMENT_MES_AV=5.275899999999998
ROUTE_PAYMENT_MES_AV_SUCC=4.5511785246617205
ROUTE_PAYMENT_HOPS_AV=19.37930000000001
ROUTE_PAYMENT_HOPS_AV_SUCC=16.556198166739424
ROUTE_PAYMENT_SUCCESS_DIRECT=0.9164
ROUTE_PAYMENT_SUCCESS=0.9164
