ROUTE_PAYMENT_MES_AV=5.0
ROUTE_PAYMENT_MES_AV_SUCC=5.0
ROUTE_PAYMENT_HOPS_AV=2.0
ROUTE_PAYMENT_HOPS_AV_SUCC=2.0
ROUTE_PAYMENT_SUCCESS_DIRECT=1.0
ROUTE_PAYMENT_SUCCESS=1.0
ROUTE_PAYMENT_FEE_AV=2.0000001999999998E-6
ROUTE_PAYMENT_FEE_MED=2.0000001999999998E-6
ROUTE_PAYMENT_FEE_Q1=2.0000001999999998E-6
ROUTE_PAYMENT_FEE_Q3=2.0000001999999998E-6
