ROUTE_PAYMENT_MES_AV=9.262799999999999
ROUTE_PAYMENT_MES_AV_SUCC=7.117066145458288
ROUTE_PAYMENT_HOPS_AV=5.090499999999997
ROUTE_PAYMENT_HOPS_AV_SUCC=4.496039502108837
ROUTE_PAYMENT_SUCCESS_DIRECT=0.9721
ROUTE_PAYMENT_SUCCESS=0.9721
