ROUTE_PAYMENT_MES_AV=6.1295
ROUTE_PAYMENT_MES_AV_SUCC=4.81614289551437
ROUTE_PAYMENT_HOPS_AV=4.023999999999999
ROUTE_PAYMENT_HOPS_AV_SUCC=3.937281762019876
ROUTE_PAYMENT_SUCCESS_DIRECT=0.7446
ROUTE_PAYMENT_SUCCESS=0.7446
