ROUTE_PAYMENT_MES_AV=6.2783000000000015
ROUTE_PAYMENT_MES_AV_SUCC=5.030660377358491
ROUTE_PAYMENT_HOPS_AV=4.0935999999999995
ROUTE_PAYMENT_HOPS_AV_SUCC=4.012054507337527
ROUTE_PAYMENT_SUCCESS_DIRECT=0.7632
ROUTE_PAYMENT_SUCCESS=0.7632
