ROUTE_PAYMENT_MES_AV=5.7241
ROUTE_PAYMENT_MES_AV_SUCC=4.701884760366182
ROUTE_PAYMENT_HOPS_AV=5.447600000000007
ROUTE_PAYMENT_HOPS_AV_SUCC=4.604092622509425
ROUTE_PAYMENT_SUCCESS_DIRECT=0.9285
ROUTE_PAYMENT_SUCCESS=0.9285
