ROUTE_PAYMENT_MES_AV=5.075000000000002
ROUTE_PAYMENT_MES_AV_SUCC=4.475870930896629
ROUTE_PAYMENT_HOPS_AV=3.710500000000001
ROUTE_PAYMENT_HOPS_AV_SUCC=3.8922044545973726
ROUTE_PAYMENT_SUCCESS_DIRECT=0.7004
ROUTE_PAYMENT_SUCCESS=0.7004
