ROUTE_PAYMENT_MES_AV=5.722500000000004
ROUTE_PAYMENT_MES_AV_SUCC=4.770601576844151
ROUTE_PAYMENT_HOPS_AV=10.36700000000001
ROUTE_PAYMENT_HOPS_AV_SUCC=8.787774057673609
ROUTE_PAYMENT_SUCCESS_DIRECT=0.9259
ROUTE_PAYMENT_SUCCESS=0.9259
