ROUTE_PAYMENT_MES_AV=6.311300000000001
ROUTE_PAYMENT_MES_AV_SUCC=4.758232328649578
ROUTE_PAYMENT_HOPS_AV=5.911099999999998
ROUTE_PAYMENT_HOPS_AV_SUCC=4.6388501555293375
ROUTE_PAYMENT_SUCCESS_DIRECT=0.9323
ROUTE_PAYMENT_SUCCESS=0.9323
