ROUTE_PAYMENT_MES_AV=5.9164
ROUTE_PAYMENT_MES_AV_SUCC=4.697218915701765
ROUTE_PAYMENT_HOPS_AV=5.613700000000002
ROUTE_PAYMENT_HOPS_AV_SUCC=4.611622118818307
ROUTE_PAYMENT_SUCCESS_DIRECT=0.9241
ROUTE_PAYMENT_SUCCESS=0.9241
