ROUTE_PAYMENT_MES_AV=7.715099999999999
ROUTE_PAYMENT_MES_AV_SUCC=6.317048630519846
ROUTE_PAYMENT_HOPS_AV=10.412799999999995
ROUTE_PAYMENT_HOPS_AV_SUCC=9.533482392397984
ROUTE_PAYMENT_SUCCESS_DIRECT=0.8945
ROUTE_PAYMENT_SUCCESS=0.8945
