ROUTE_PAYMENT_MES_AV=4.8347999999999995
ROUTE_PAYMENT_MES_AV_SUCC=4.251636474349215
ROUTE_PAYMENT_HOPS_AV=3.5530999999999993
ROUTE_PAYMENT_HOPS_AV_SUCC=3.7973816410412544
ROUTE_PAYMENT_SUCCESS_DIRECT=0.6569
ROUTE_PAYMENT_SUCCESS=0.6569
