ROUTE_PAYMENT_MES_AV=4.609599999999997
ROUTE_PAYMENT_MES_AV_SUCC=4.609599999999997
ROUTE_PAYMENT_HOPS_AV=4.653500000000003
ROUTE_PAYMENT_HOPS_AV_SUCC=4.653500000000003
ROUTE_PAYMENT_SUCCESS_DIRECT=1.0
ROUTE_PAYMENT_SUCCESS=1.0
ROUTE_PAYMENT_FEE_AV=0.003965843798167477
ROUTE_PAYMENT_FEE_MED=0.005218347626520874
ROUTE_PAYMENT_FEE_Q1=0.0010293675505314735
ROUTE_PAYMENT_FEE_Q3=0.005543044677971079
