ROUTE_PAYMENT_MES_AV=6.079600000000002
ROUTE_PAYMENT_MES_AV_SUCC=4.8275050796706225
ROUTE_PAYMENT_HOPS_AV=5.710400000000002
ROUTE_PAYMENT_HOPS_AV_SUCC=4.693722596513743
ROUTE_PAYMENT_SUCCESS_DIRECT=0.9351
ROUTE_PAYMENT_SUCCESS=0.9351
