ROUTE_PAYMENT_MES_AV=6.411000000000001
ROUTE_PAYMENT_MES_AV_SUCC=5.239933316234932
ROUTE_PAYMENT_HOPS_AV=4.141099999999998
ROUTE_PAYMENT_HOPS_AV_SUCC=4.035650166709413
ROUTE_PAYMENT_SUCCESS_DIRECT=0.7798
ROUTE_PAYMENT_SUCCESS=0.7798
