ROUTE_PAYMENT_MES_AV=6.3953999999999995
ROUTE_PAYMENT_MES_AV_SUCC=5.529917592260837
ROUTE_PAYMENT_HOPS_AV=4.224000000000002
ROUTE_PAYMENT_HOPS_AV_SUCC=4.150005971575303
ROUTE_PAYMENT_SUCCESS_DIRECT=0.8373
ROUTE_PAYMENT_SUCCESS=0.8373
