ROUTE_PAYMENT_MES_AV=7.649699999999995
ROUTE_PAYMENT_MES_AV_SUCC=6.13600637885864
ROUTE_PAYMENT_HOPS_AV=4.582000000000002
ROUTE_PAYMENT_HOPS_AV_SUCC=4.252648365417474
ROUTE_PAYMENT_SUCCESS_DIRECT=0.8779
ROUTE_PAYMENT_SUCCESS=0.8779
