ROUTE_PAYMENT_MES_AV=6.341499999999999
ROUTE_PAYMENT_MES_AV_SUCC=5.240357953113181
ROUTE_PAYMENT_HOPS_AV=19.186499999999995
ROUTE_PAYMENT_HOPS_AV_SUCC=18.41000756238971
ROUTE_PAYMENT_SUCCESS_DIRECT=0.7934
ROUTE_PAYMENT_SUCCESS=0.7934
