ROUTE_PAYMENT_MES_AV=5.7757
ROUTE_PAYMENT_MES_AV_SUCC=4.77928509905254
ROUTE_PAYMENT_HOPS_AV=26.080700000000025
ROUTE_PAYMENT_HOPS_AV_SUCC=21.143949181739877
ROUTE_PAYMENT_SUCCESS_DIRECT=0.9288
ROUTE_PAYMENT_SUCCESS=0.9288
