ROUTE_PAYMENT_MES_AV=6.2673
ROUTE_PAYMENT_MES_AV_SUCC=5.459691045136374
ROUTE_PAYMENT_HOPS_AV=4.1682999999999995
ROUTE_PAYMENT_HOPS_AV_SUCC=4.103548153511946
ROUTE_PAYMENT_SUCCESS_DIRECT=0.8286
ROUTE_PAYMENT_SUCCESS=0.8286
