ROUTE_PAYMENT_MES_AV=5.948799999999998
ROUTE_PAYMENT_MES_AV_SUCC=4.792980945204003
ROUTE_PAYMENT_HOPS_AV=5.591699999999998
ROUTE_PAYMENT_HOPS_AV_SUCC=4.663688233394337
ROUTE_PAYMENT_SUCCESS_DIRECT=0.9289
ROUTE_PAYMENT_SUCCESS=0.9289
