ROUTE_PAYMENT_MES_AV=5.7628
ROUTE_PAYMENT_MES_AV_SUCC=4.850993377483442
ROUTE_PAYMENT_HOPS_AV=5.512400000000005
ROUTE_PAYMENT_HOPS_AV_SUCC=4.731574449903863
ROUTE_PAYMENT_SUCCESS_DIRECT=0.9362
ROUTE_PAYMENT_SUCCESS=0.9362
