ROUTE_PAYMENT_MES_AV=5.751800000000003
ROUTE_PAYMENT_MES_AV_SUCC=4.6760456273764275
ROUTE_PAYMENT_HOPS_AV=5.4361999999999995
ROUTE_PAYMENT_HOPS_AV_SUCC=4.559043997827265
ROUTE_PAYMENT_SUCCESS_DIRECT=0.9205
ROUTE_PAYMENT_SUCCESS=0.9205
