ROUTE_PAYMENT_MES_AV=5.686300000000003
ROUTE_PAYMENT_MES_AV_SUCC=4.768544102019126
ROUTE_PAYMENT_HOPS_AV=5.421799999999998
ROUTE_PAYMENT_HOPS_AV_SUCC=4.656748140276299
ROUTE_PAYMENT_SUCCESS_DIRECT=0.941
ROUTE_PAYMENT_SUCCESS=0.941
