ROUTE_PAYMENT_MES_AV=5.1247
ROUTE_PAYMENT_MES_AV_SUCC=4.540638766519823
ROUTE_PAYMENT_HOPS_AV=37.8759
ROUTE_PAYMENT_HOPS_AV_SUCC=33.01167400881058
ROUTE_PAYMENT_SUCCESS_DIRECT=0.908
ROUTE_PAYMENT_SUCCESS=0.908
