ROUTE_PAYMENT_MES_AV=5.274299999999999
ROUTE_PAYMENT_MES_AV_SUCC=4.565650969529086
ROUTE_PAYMENT_HOPS_AV=35.91820000000002
ROUTE_PAYMENT_HOPS_AV_SUCC=30.7181163434903
ROUTE_PAYMENT_SUCCESS_DIRECT=0.9025
ROUTE_PAYMENT_SUCCESS=0.9025
