ROUTE_PAYMENT_MES_AV=8.817599999999995
ROUTE_PAYMENT_MES_AV_SUCC=6.9152381953938376
ROUTE_PAYMENT_HOPS_AV=5.001799999999998
ROUTE_PAYMENT_HOPS_AV_SUCC=4.47239457356189
ROUTE_PAYMENT_SUCCESS_DIRECT=0.9509
ROUTE_PAYMENT_SUCCESS=0.9509
