ROUTE_PAYMENT_MES_AV=5.8698999999999995
ROUTE_PAYMENT_MES_AV_SUCC=4.844289544235925
ROUTE_PAYMENT_HOPS_AV=5.565300000000001
ROUTE_PAYMENT_HOPS_AV_SUCC=4.71731903485255
ROUTE_PAYMENT_SUCCESS_DIRECT=0.9325
ROUTE_PAYMENT_SUCCESS=0.9325
