ROUTE_PAYMENT_MES_AV=6.0169
ROUTE_PAYMENT_MES_AV_SUCC=4.550751610594129
ROUTE_PAYMENT_HOPS_AV=30.159599999999994
ROUTE_PAYMENT_HOPS_AV_SUCC=28.691338582677155
ROUTE_PAYMENT_SUCCESS_DIRECT=0.6985
ROUTE_PAYMENT_SUCCESS=0.6985
