ROUTE_PAYMENT_MES_AV=6.131900000000001
ROUTE_PAYMENT_MES_AV_SUCC=4.848525649656659
ROUTE_PAYMENT_HOPS_AV=4.03
ROUTE_PAYMENT_HOPS_AV_SUCC=3.9338898613168163
ROUTE_PAYMENT_SUCCESS_DIRECT=0.7427
ROUTE_PAYMENT_SUCCESS=0.7427
