ROUTE_PAYMENT_MES_AV=5.874100000000002
ROUTE_PAYMENT_MES_AV_SUCC=4.74494490210763
ROUTE_PAYMENT_HOPS_AV=5.529600000000001
ROUTE_PAYMENT_HOPS_AV_SUCC=4.625441318069971
ROUTE_PAYMENT_SUCCESS_DIRECT=0.9347
ROUTE_PAYMENT_SUCCESS=0.9347
