ROUTE_PAYMENT_MES_AV=5.776000000000004
ROUTE_PAYMENT_MES_AV_SUCC=4.9157411362665515
ROUTE_PAYMENT_HOPS_AV=8.301400000000003
ROUTE_PAYMENT_HOPS_AV_SUCC=7.0260572404955175
ROUTE_PAYMENT_SUCCESS_DIRECT=0.9364
ROUTE_PAYMENT_SUCCESS=0.9364
