ROUTE_PAYMENT_MES_AV=4.9780000000000015
ROUTE_PAYMENT_MES_AV_SUCC=4.422893833720803
ROUTE_PAYMENT_HOPS_AV=38.85500000000002
ROUTE_PAYMENT_HOPS_AV_SUCC=33.7792538470054
ROUTE_PAYMENT_SUCCESS_DIRECT=0.9033
ROUTE_PAYMENT_SUCCESS=0.9033
