ROUTE_PAYMENT_MES_AV=5.580400000000001
ROUTE_PAYMENT_MES_AV_SUCC=4.746543288661985
ROUTE_PAYMENT_HOPS_AV=5.3445
ROUTE_PAYMENT_HOPS_AV_SUCC=4.6247606892150595
ROUTE_PAYMENT_SUCCESS_DIRECT=0.9402
ROUTE_PAYMENT_SUCCESS=0.9402
