ROUTE_PAYMENT_MES_AV=7.0637
ROUTE_PAYMENT_MES_AV_SUCC=5.617493472584859
ROUTE_PAYMENT_HOPS_AV=4.408099999999997
ROUTE_PAYMENT_HOPS_AV_SUCC=4.113458343223357
ROUTE_PAYMENT_SUCCESS_DIRECT=0.8426
ROUTE_PAYMENT_SUCCESS=0.8426
