ROUTE_PAYMENT_MES_AV=7.994700000000003
ROUTE_PAYMENT_MES_AV_SUCC=6.665912518853691
ROUTE_PAYMENT_HOPS_AV=7.714100000000003
ROUTE_PAYMENT_HOPS_AV_SUCC=7.000538677009262
ROUTE_PAYMENT_SUCCESS_DIRECT=0.9282
ROUTE_PAYMENT_SUCCESS=0.9282
