ROUTE_PAYMENT_MES_AV=5.613100000000002
ROUTE_PAYMENT_MES_AV_SUCC=4.588505993150684
ROUTE_PAYMENT_HOPS_AV=5.3389
ROUTE_PAYMENT_HOPS_AV_SUCC=4.496147260273969
ROUTE_PAYMENT_SUCCESS_DIRECT=0.9344
ROUTE_PAYMENT_SUCCESS=0.9344
