ROUTE_PAYMENT_MES_AV=5.598500000000003
ROUTE_PAYMENT_MES_AV_SUCC=4.591907016788636
ROUTE_PAYMENT_HOPS_AV=5.311200000000002
ROUTE_PAYMENT_HOPS_AV_SUCC=4.487516142918638
ROUTE_PAYMENT_SUCCESS_DIRECT=0.9292
ROUTE_PAYMENT_SUCCESS=0.9292
