ROUTE_PAYMENT_MES_AV=3.4869
ROUTE_PAYMENT_MES_AV_SUCC=3.691447835344216
ROUTE_PAYMENT_HOPS_AV=19.281
ROUTE_PAYMENT_HOPS_AV_SUCC=26.399574166075244
ROUTE_PAYMENT_SUCCESS_DIRECT=0.5636
ROUTE_PAYMENT_SUCCESS=0.5636
