ROUTE_PAYMENT_MES_AV=5.6598
ROUTE_PAYMENT_MES_AV_SUCC=4.685499462943076
ROUTE_PAYMENT_HOPS_AV=5.4506000000000006
ROUTE_PAYMENT_HOPS_AV_SUCC=4.611493018259939
ROUTE_PAYMENT_SUCCESS_DIRECT=0.931
ROUTE_PAYMENT_SUCCESS=0.931
