ROUTE_PAYMENT_MES_AV=4.033099999999998
ROUTE_PAYMENT_MES_AV_SUCC=3.757623279316954
ROUTE_PAYMENT_HOPS_AV=3.2492999999999994
ROUTE_PAYMENT_HOPS_AV_SUCC=3.700993204391009
ROUTE_PAYMENT_SUCCESS_DIRECT=0.5739
ROUTE_PAYMENT_SUCCESS=0.5739
