ROUTE_PAYMENT_MES_AV=6.977900000000002
ROUTE_PAYMENT_MES_AV_SUCC=5.81050439611291
ROUTE_PAYMENT_HOPS_AV=4.3846000000000025
ROUTE_PAYMENT_HOPS_AV_SUCC=4.1771170754280424
ROUTE_PAYMENT_SUCCESS_DIRECT=0.8644
ROUTE_PAYMENT_SUCCESS=0.8644
