ROUTE_PAYMENT_MES_AV=5.451100000000001
ROUTE_PAYMENT_MES_AV_SUCC=4.837450199203187
ROUTE_PAYMENT_HOPS_AV=3.883599999999999
ROUTE_PAYMENT_HOPS_AV_SUCC=4.007436918990703
ROUTE_PAYMENT_SUCCESS_DIRECT=0.753
ROUTE_PAYMENT_SUCCESS=0.753
