ROUTE_PAYMENT_MES_AV=6.676999999999994
ROUTE_PAYMENT_MES_AV_SUCC=5.31439295884028
ROUTE_PAYMENT_HOPS_AV=19.91859999999999
ROUTE_PAYMENT_HOPS_AV_SUCC=18.93385969453792
ROUTE_PAYMENT_SUCCESS_DIRECT=0.7726
ROUTE_PAYMENT_SUCCESS=0.7726
