ROUTE_PAYMENT_MES_AV=5.845199999999999
ROUTE_PAYMENT_MES_AV_SUCC=4.780909189072456
ROUTE_PAYMENT_HOPS_AV=5.561200000000001
ROUTE_PAYMENT_HOPS_AV_SUCC=4.675844941151062
ROUTE_PAYMENT_SUCCESS_DIRECT=0.9261
ROUTE_PAYMENT_SUCCESS=0.9261
