ROUTE_PAYMENT_MES_AV=6.791900000000001
ROUTE_PAYMENT_MES_AV_SUCC=5.494252873563219
ROUTE_PAYMENT_HOPS_AV=4.347900000000001
ROUTE_PAYMENT_HOPS_AV_SUCC=4.156517485937883
ROUTE_PAYMENT_SUCCESS_DIRECT=0.8178
ROUTE_PAYMENT_SUCCESS=0.8178
