ROUTE_PAYMENT_MES_AV=4.9686
ROUTE_PAYMENT_MES_AV_SUCC=4.433683519369662
ROUTE_PAYMENT_HOPS_AV=39.55889999999999
ROUTE_PAYMENT_HOPS_AV_SUCC=34.62530094112493
ROUTE_PAYMENT_SUCCESS_DIRECT=0.9138
ROUTE_PAYMENT_SUCCESS=0.9138
