ROUTE_PAYMENT_MES_AV=5.5044
ROUTE_PAYMENT_MES_AV_SUCC=4.652701093428601
ROUTE_PAYMENT_HOPS_AV=12.916400000000005
ROUTE_PAYMENT_HOPS_AV_SUCC=10.946302912200935
ROUTE_PAYMENT_SUCCESS_DIRECT=0.9237
ROUTE_PAYMENT_SUCCESS=0.9237
