ROUTE_PAYMENT_MES_AV=8.514199999999997
ROUTE_PAYMENT_MES_AV_SUCC=6.640849673202613
ROUTE_PAYMENT_HOPS_AV=4.9062
ROUTE_PAYMENT_HOPS_AV_SUCC=4.42015250544662
ROUTE_PAYMENT_SUCCESS_DIRECT=0.918
ROUTE_PAYMENT_SUCCESS=0.918
