ROUTE_PAYMENT_MES_AV=8.684599999999998
ROUTE_PAYMENT_MES_AV_SUCC=7.094675164473686
ROUTE_PAYMENT_HOPS_AV=4.918399999999999
ROUTE_PAYMENT_HOPS_AV_SUCC=4.491365131578946
ROUTE_PAYMENT_SUCCESS_DIRECT=0.9728
ROUTE_PAYMENT_SUCCESS=0.9728
