ROUTE_PAYMENT_MES_AV=5.721499999999999
ROUTE_PAYMENT_MES_AV_SUCC=4.634934309713547
ROUTE_PAYMENT_HOPS_AV=5.4167999999999985
ROUTE_PAYMENT_HOPS_AV_SUCC=4.527353004522939
ROUTE_PAYMENT_SUCCESS_DIRECT=0.9286
ROUTE_PAYMENT_SUCCESS=0.9286
