ROUTE_PAYMENT_MES_AV=5.705500000000001
ROUTE_PAYMENT_MES_AV_SUCC=4.683689925814428
ROUTE_PAYMENT_HOPS_AV=16.8109
ROUTE_PAYMENT_HOPS_AV_SUCC=13.720352650252668
ROUTE_PAYMENT_SUCCESS_DIRECT=0.9301
ROUTE_PAYMENT_SUCCESS=0.9301
