ROUTE_PAYMENT_MES_AV=3.6221000000000005
ROUTE_PAYMENT_MES_AV_SUCC=3.7706185567010304
ROUTE_PAYMENT_HOPS_AV=18.385699999999986
ROUTE_PAYMENT_HOPS_AV_SUCC=24.930756013745707
ROUTE_PAYMENT_SUCCESS_DIRECT=0.582
ROUTE_PAYMENT_SUCCESS=0.582
