ROUTE_PAYMENT_MES_AV=7.381699999999999
ROUTE_PAYMENT_MES_AV_SUCC=6.432207060862032
ROUTE_PAYMENT_HOPS_AV=4.547100000000002
ROUTE_PAYMENT_HOPS_AV_SUCC=4.313623565085553
ROUTE_PAYMENT_SUCCESS_DIRECT=0.9234
ROUTE_PAYMENT_SUCCESS=0.9234
