ROUTE_PAYMENT_MES_AV=107.71459999999993
ROUTE_PAYMENT_MES_AV_SUCC=86.07023821695127
ROUTE_PAYMENT_HOPS_AV=14.073299999999993
ROUTE_PAYMENT_HOPS_AV_SUCC=12.535425825580203
ROUTE_PAYMENT_SUCCESS_DIRECT=0.9781
ROUTE_PAYMENT_SUCCESS=0.9781
ROUTE_PAYMENT_FEE_AV=0.01054312122900189
ROUTE_PAYMENT_FEE_MED=0.00607818211814257
ROUTE_PAYMENT_FEE_Q1=0.002285226978267886
ROUTE_PAYMENT_FEE_Q3=0.013532946323471847
