ROUTE_PAYMENT_MES_AV=4.546
ROUTE_PAYMENT_MES_AV_SUCC=4.1063128399538495
ROUTE_PAYMENT_HOPS_AV=3.4894000000000003
ROUTE_PAYMENT_HOPS_AV_SUCC=3.8534695895829896
ROUTE_PAYMENT_SUCCESS_DIRECT=0.6067
ROUTE_PAYMENT_SUCCESS=0.6067
