ROUTE_PAYMENT_MES_AV=5.131500000000001
ROUTE_PAYMENT_MES_AV_SUCC=4.546881862099254
ROUTE_PAYMENT_HOPS_AV=30.622700000000034
ROUTE_PAYMENT_HOPS_AV_SUCC=26.440491875274486
ROUTE_PAYMENT_SUCCESS_DIRECT=0.9108
ROUTE_PAYMENT_SUCCESS=0.9108
