ROUTE_PAYMENT_MES_AV=4.288
ROUTE_PAYMENT_MES_AV_SUCC=3.899027172089902
ROUTE_PAYMENT_HOPS_AV=3.3334
ROUTE_PAYMENT_HOPS_AV_SUCC=3.717712177121771
ROUTE_PAYMENT_SUCCESS_DIRECT=0.5962
ROUTE_PAYMENT_SUCCESS=0.5962
