ROUTE_PAYMENT_MES_AV=9.224199999999998
ROUTE_PAYMENT_MES_AV_SUCC=6.996256239600666
ROUTE_PAYMENT_HOPS_AV=5.102299999999997
ROUTE_PAYMENT_HOPS_AV_SUCC=4.443947587354412
ROUTE_PAYMENT_SUCCESS_DIRECT=0.9616
ROUTE_PAYMENT_SUCCESS=0.9616
