ROUTE_PAYMENT_MES_AV=5.0093
ROUTE_PAYMENT_MES_AV_SUCC=4.4544051163303555
ROUTE_PAYMENT_HOPS_AV=26.240900000000007
ROUTE_PAYMENT_HOPS_AV_SUCC=23.21876722902196
ROUTE_PAYMENT_SUCCESS_DIRECT=0.9069
ROUTE_PAYMENT_SUCCESS=0.9069
