ROUTE_PAYMENT_MES_AV=7.300399999999996
ROUTE_PAYMENT_MES_AV_SUCC=5.8251707087355795
ROUTE_PAYMENT_HOPS_AV=13.991100000000005
ROUTE_PAYMENT_HOPS_AV_SUCC=12.627266305627504
ROUTE_PAYMENT_SUCCESS_DIRECT=0.8494
ROUTE_PAYMENT_SUCCESS=0.8494
