ROUTE_PAYMENT_MES_AV=9.247900000000001
ROUTE_PAYMENT_MES_AV_SUCC=7.100846407927334
ROUTE_PAYMENT_HOPS_AV=5.1022
ROUTE_PAYMENT_HOPS_AV_SUCC=4.482452518579688
ROUTE_PAYMENT_SUCCESS_DIRECT=0.9688
ROUTE_PAYMENT_SUCCESS=0.9688
