ROUTE_PAYMENT_MES_AV=4.7133
ROUTE_PAYMENT_MES_AV_SUCC=4.153352680617076
ROUTE_PAYMENT_HOPS_AV=3.5375000000000005
ROUTE_PAYMENT_HOPS_AV_SUCC=3.7826485413166338
ROUTE_PAYMENT_SUCCESS_DIRECT=0.6547
ROUTE_PAYMENT_SUCCESS=0.6547
