ROUTE_PAYMENT_MES_AV=5.1381
ROUTE_PAYMENT_MES_AV_SUCC=4.525243578387954
ROUTE_PAYMENT_HOPS_AV=40.41979999999998
ROUTE_PAYMENT_HOPS_AV_SUCC=34.77723649247121
ROUTE_PAYMENT_SUCCESS_DIRECT=0.9032
ROUTE_PAYMENT_SUCCESS=0.9032
