ROUTE_PAYMENT_MES_AV=6.0836000000000015
ROUTE_PAYMENT_MES_AV_SUCC=4.796893411890735
ROUTE_PAYMENT_HOPS_AV=5.719600000000005
ROUTE_PAYMENT_HOPS_AV_SUCC=4.659882163899303
ROUTE_PAYMENT_SUCCESS_DIRECT=0.9335
ROUTE_PAYMENT_SUCCESS=0.9335
