ROUTE_PAYMENT_MES_AV=6.047800000000002
ROUTE_PAYMENT_MES_AV_SUCC=4.759197683149201
ROUTE_PAYMENT_HOPS_AV=5.707299999999999
ROUTE_PAYMENT_HOPS_AV_SUCC=4.625764238978872
ROUTE_PAYMENT_SUCCESS_DIRECT=0.9323
ROUTE_PAYMENT_SUCCESS=0.9323
