ROUTE_PAYMENT_MES_AV=7.173399999999999
ROUTE_PAYMENT_MES_AV_SUCC=6.390665514261021
ROUTE_PAYMENT_HOPS_AV=6.422399999999998
ROUTE_PAYMENT_HOPS_AV_SUCC=6.219641313742435
ROUTE_PAYMENT_SUCCESS_DIRECT=0.9256
ROUTE_PAYMENT_SUCCESS=0.9256
