ROUTE_PAYMENT_MES_AV=7.537200000000004
ROUTE_PAYMENT_MES_AV_SUCC=6.209154769997732
ROUTE_PAYMENT_HOPS_AV=12.311599999999993
ROUTE_PAYMENT_HOPS_AV_SUCC=11.067641060503062
ROUTE_PAYMENT_SUCCESS_DIRECT=0.8826
ROUTE_PAYMENT_SUCCESS=0.8826
