ROUTE_PAYMENT_MES_AV=6.7382
ROUTE_PAYMENT_MES_AV_SUCC=5.815453159807715
ROUTE_PAYMENT_HOPS_AV=4.3053
ROUTE_PAYMENT_HOPS_AV_SUCC=4.198733731973267
ROUTE_PAYMENT_SUCCESS_DIRECT=0.8529
ROUTE_PAYMENT_SUCCESS=0.8529
