ROUTE_PAYMENT_MES_AV=5.6934
ROUTE_PAYMENT_MES_AV_SUCC=4.70284041630529
ROUTE_PAYMENT_HOPS_AV=5.400600000000001
ROUTE_PAYMENT_HOPS_AV_SUCC=4.588898525585429
ROUTE_PAYMENT_SUCCESS_DIRECT=0.9224
ROUTE_PAYMENT_SUCCESS=0.9224
