ROUTE_PAYMENT_MES_AV=2.5333333333333337
ROUTE_PAYMENT_MES_AV_SUCC=2.5333333333333337
ROUTE_PAYMENT_HOPS_AV=2.5333333333333337
ROUTE_PAYMENT_HOPS_AV_SUCC=2.5333333333333337
ROUTE_PAYMENT_SUCCESS_DIRECT=1.0
ROUTE_PAYMENT_SUCCESS=1.0
