ROUTE_PAYMENT_MES_AV=5.813199999999998
ROUTE_PAYMENT_MES_AV_SUCC=5.182232626909806
ROUTE_PAYMENT_HOPS_AV=9.392899999999996
ROUTE_PAYMENT_HOPS_AV_SUCC=10.197264662395277
ROUTE_PAYMENT_SUCCESS_DIRECT=0.8116
ROUTE_PAYMENT_SUCCESS=0.8116
