ROUTE_PAYMENT_MES_AV=3.4931
ROUTE_PAYMENT_MES_AV_SUCC=3.699135344979707
ROUTE_PAYMENT_HOPS_AV=19.272599999999994
ROUTE_PAYMENT_HOPS_AV_SUCC=26.42385742015176
ROUTE_PAYMENT_SUCCESS_DIRECT=0.5667
ROUTE_PAYMENT_SUCCESS=0.5667
