ROUTE_PAYMENT_MES_AV=5.271
ROUTE_PAYMENT_MES_AV_SUCC=4.56247932061321
ROUTE_PAYMENT_HOPS_AV=5.1541999999999994
ROUTE_PAYMENT_HOPS_AV_SUCC=4.532590713576705
ROUTE_PAYMENT_SUCCESS_DIRECT=0.9067
ROUTE_PAYMENT_SUCCESS=0.9067
