ROUTE_PAYMENT_MES_AV=5.762000000000001
ROUTE_PAYMENT_MES_AV_SUCC=4.678559773740892
ROUTE_PAYMENT_HOPS_AV=5.476099999999999
ROUTE_PAYMENT_HOPS_AV_SUCC=4.5678233438485805
ROUTE_PAYMENT_SUCCESS_DIRECT=0.9193
ROUTE_PAYMENT_SUCCESS=0.9193
