ROUTE_PAYMENT_MES_AV=4.2518
ROUTE_PAYMENT_MES_AV_SUCC=3.877949552481693
ROUTE_PAYMENT_HOPS_AV=3.3305000000000002
ROUTE_PAYMENT_HOPS_AV_SUCC=3.696501220504475
ROUTE_PAYMENT_SUCCESS_DIRECT=0.6145
ROUTE_PAYMENT_SUCCESS=0.6145
