ROUTE_PAYMENT_MES_AV=7.878199999999995
ROUTE_PAYMENT_MES_AV_SUCC=6.766219839142089
ROUTE_PAYMENT_HOPS_AV=7.877999999999999
ROUTE_PAYMENT_HOPS_AV_SUCC=7.297265415549598
ROUTE_PAYMENT_SUCCESS_DIRECT=0.9325
ROUTE_PAYMENT_SUCCESS=0.9325
