ROUTE_PAYMENT_MES_AV=5.6349000000000045
ROUTE_PAYMENT_MES_AV_SUCC=4.6873643074250975
ROUTE_PAYMENT_HOPS_AV=37.48900000000001
ROUTE_PAYMENT_HOPS_AV_SUCC=30.891337386018247
ROUTE_PAYMENT_SUCCESS_DIRECT=0.9212
ROUTE_PAYMENT_SUCCESS=0.9212
