ROUTE_PAYMENT_MES_AV=6.235800000000002
ROUTE_PAYMENT_MES_AV_SUCC=4.882738827388272
ROUTE_PAYMENT_HOPS_AV=26.175100000000004
ROUTE_PAYMENT_HOPS_AV_SUCC=24.989476561432276
ROUTE_PAYMENT_SUCCESS_DIRECT=0.7317
ROUTE_PAYMENT_SUCCESS=0.7317
