ROUTE_PAYMENT_MES_AV=8.693600000000002
ROUTE_PAYMENT_MES_AV_SUCC=8.428348562513932
ROUTE_PAYMENT_HOPS_AV=5.088600000000001
ROUTE_PAYMENT_HOPS_AV_SUCC=4.887786940049032
ROUTE_PAYMENT_SUCCESS_DIRECT=0.8974
ROUTE_PAYMENT_SUCCESS=0.8974
ROUTE_PAYMENT_FEE_AV=3.1246713254201035
ROUTE_PAYMENT_FEE_MED=5.8226175987630695
ROUTE_PAYMENT_FEE_Q1=1.9997279642279806
ROUTE_PAYMENT_FEE_Q3=3.9416688785529033
