ROUTE_PAYMENT_MES_AV=9.651899999999998
ROUTE_PAYMENT_MES_AV_SUCC=7.000514244574721
ROUTE_PAYMENT_HOPS_AV=5.105399999999999
ROUTE_PAYMENT_HOPS_AV_SUCC=4.448318420240664
ROUTE_PAYMENT_SUCCESS_DIRECT=0.9723
ROUTE_PAYMENT_SUCCESS=0.9723
