ROUTE_PAYMENT_MES_AV=6.242399999999999
ROUTE_PAYMENT_MES_AV_SUCC=5.361466749533872
ROUTE_PAYMENT_HOPS_AV=4.163
ROUTE_PAYMENT_HOPS_AV_SUCC=4.128651336233687
ROUTE_PAYMENT_SUCCESS_DIRECT=0.8045
ROUTE_PAYMENT_SUCCESS=0.8045
