ROUTE_PAYMENT_MES_AV=6.450199999999998
ROUTE_PAYMENT_MES_AV_SUCC=5.200351714608719
ROUTE_PAYMENT_HOPS_AV=19.2812
ROUTE_PAYMENT_HOPS_AV_SUCC=18.118075618640866
ROUTE_PAYMENT_SUCCESS_DIRECT=0.7961
ROUTE_PAYMENT_SUCCESS=0.7961
