ROUTE_PAYMENT_MES_AV=5.7162250000000006	5.765000000000005	5.452200000000004	5.971100000000001	0.01576416287499983	0.01670602712499974	0.014822298624999921	5.661197912079323	5.771252087920678
ROUTE_PAYMENT_MES_AV_SUCC=4.687029592281183	4.679852606480978	4.57794882914137	4.8380880611475945	0.004118861585557257	0.003099915354480773	0.0053642403124285155	4.658902186902196	4.71515699766017
ROUTE_PAYMENT_HOPS_AV=36.4757	37.15080000000002	33.18139999999997	38.24329999999998	1.8128513150000143	4.21983691166672	0.7812860592857117	35.885604685169255	37.06579531483075
ROUTE_PAYMENT_HOPS_AV_SUCC=29.601564877537477	29.979733391134722	27.156784245834217	31.03771329203348	1.2502305989530167	1.6231092090862067	0.945148099753133	29.111519682226987	30.091610072847967
ROUTE_PAYMENT_SUCCESS_DIRECT=0.922555	0.9237	0.9058	0.9296	2.530647499999982E-5	3.8176136111110984E-5	1.4776752272727068E-5	0.9203502624378398	0.9247597375621602
ROUTE_PAYMENT_SUCCESS=0.922555	0.9237	0.9058	0.9296	2.530647499999982E-5	3.8176136111110984E-5	1.4776752272727068E-5	0.9203502624378398	0.9247597375621602
