ROUTE_PAYMENT_MES_AV=6.102599999999997
ROUTE_PAYMENT_MES_AV_SUCC=4.892653544154026
ROUTE_PAYMENT_HOPS_AV=5.771100000000002
ROUTE_PAYMENT_HOPS_AV_SUCC=4.748198343551682
ROUTE_PAYMENT_SUCCESS_DIRECT=0.9297
ROUTE_PAYMENT_SUCCESS=0.9297
