ROUTE_PAYMENT_MES_AV=5.537900000000001
ROUTE_PAYMENT_MES_AV_SUCC=4.966182332518967
ROUTE_PAYMENT_HOPS_AV=10.173100000000003
ROUTE_PAYMENT_HOPS_AV_SUCC=11.184775620419181
ROUTE_PAYMENT_SUCCESS_DIRECT=0.7777
ROUTE_PAYMENT_SUCCESS=0.7777
