ROUTE_PAYMENT_MES_AV=6.151800000000001
ROUTE_PAYMENT_MES_AV_SUCC=4.835188356164384
ROUTE_PAYMENT_HOPS_AV=5.816300000000004
ROUTE_PAYMENT_HOPS_AV_SUCC=4.722174657534246
ROUTE_PAYMENT_SUCCESS_DIRECT=0.9344
ROUTE_PAYMENT_SUCCESS=0.9344
