ROUTE_PAYMENT_MES_AV=5.096400000000002
ROUTE_PAYMENT_MES_AV_SUCC=4.506565988181221
ROUTE_PAYMENT_HOPS_AV=26.025700000000008
ROUTE_PAYMENT_HOPS_AV_SUCC=22.76745458524843
ROUTE_PAYMENT_SUCCESS_DIRECT=0.9138
ROUTE_PAYMENT_SUCCESS=0.9138
