ROUTE_PAYMENT_MES_AV=5.842199999999998
ROUTE_PAYMENT_MES_AV_SUCC=4.6352583586626155
ROUTE_PAYMENT_HOPS_AV=27.985600000000026
ROUTE_PAYMENT_HOPS_AV_SUCC=27.416551533572818
ROUTE_PAYMENT_SUCCESS_DIRECT=0.7238
ROUTE_PAYMENT_SUCCESS=0.7238
