ROUTE_PAYMENT_MES_AV=4.952899999999999
ROUTE_PAYMENT_MES_AV_SUCC=4.480528052805281
ROUTE_PAYMENT_HOPS_AV=38.839699999999986
ROUTE_PAYMENT_HOPS_AV_SUCC=34.431573157315746
ROUTE_PAYMENT_SUCCESS_DIRECT=0.909
ROUTE_PAYMENT_SUCCESS=0.909
