ROUTE_PAYMENT_MES_AV=19.839899999999993
ROUTE_PAYMENT_MES_AV_SUCC=21.389292929292928
ROUTE_PAYMENT_HOPS_AV=5.069699999999999
ROUTE_PAYMENT_HOPS_AV_SUCC=5.500606060606059
ROUTE_PAYMENT_SUCCESS_DIRECT=0.495
ROUTE_PAYMENT_SUCCESS=0.495
ROUTE_PAYMENT_FEE_AV=170.4261017073169
ROUTE_PAYMENT_FEE_MED=210.7334347979587
ROUTE_PAYMENT_FEE_Q1=44.525613481240356
ROUTE_PAYMENT_FEE_Q3=227.84752888317516
