ROUTE_PAYMENT_MES_AV=5.1334000000000035
ROUTE_PAYMENT_MES_AV_SUCC=4.407874533889011
ROUTE_PAYMENT_HOPS_AV=5.039299999999999
ROUTE_PAYMENT_HOPS_AV_SUCC=4.388023689405571
ROUTE_PAYMENT_SUCCESS_DIRECT=0.9118
ROUTE_PAYMENT_SUCCESS=0.9118
