ROUTE_PAYMENT_MES_AV=7.036000000000001
ROUTE_PAYMENT_MES_AV_SUCC=5.850962681245544
ROUTE_PAYMENT_HOPS_AV=4.368999999999999
ROUTE_PAYMENT_HOPS_AV_SUCC=4.19515093891134
ROUTE_PAYMENT_SUCCESS_DIRECT=0.8414
ROUTE_PAYMENT_SUCCESS=0.8414
