ROUTE_PAYMENT_MES_AV=6.218200000000001
ROUTE_PAYMENT_MES_AV_SUCC=5.379937694704052
ROUTE_PAYMENT_HOPS_AV=4.181300000000001
ROUTE_PAYMENT_HOPS_AV_SUCC=4.136947040498443
ROUTE_PAYMENT_SUCCESS_DIRECT=0.8025
ROUTE_PAYMENT_SUCCESS=0.8025
