ROUTE_PAYMENT_MES_AV=6.6434
ROUTE_PAYMENT_MES_AV_SUCC=5.773222145008109
ROUTE_PAYMENT_HOPS_AV=4.334699999999999
ROUTE_PAYMENT_HOPS_AV_SUCC=4.1943479268010195
ROUTE_PAYMENT_SUCCESS_DIRECT=0.8634
ROUTE_PAYMENT_SUCCESS=0.8634
