ROUTE_PAYMENT_MES_AV=22.27
ROUTE_PAYMENT_MES_AV_SUCC=14.30120481927711
ROUTE_PAYMENT_HOPS_AV=6.1
ROUTE_PAYMENT_HOPS_AV_SUCC=4.710843373493976
ROUTE_PAYMENT_SUCCESS_DIRECT=0.83
ROUTE_PAYMENT_SUCCESS=0.83
ROUTE_PAYMENT_FEE_AV=0.570925878685781
ROUTE_PAYMENT_FEE_MED=1.141851757371562
ROUTE_PAYMENT_FEE_Q1=0.38035220344316034
ROUTE_PAYMENT_FEE_Q3=0.7614995539284017
