ROUTE_PAYMENT_MES_AV=13.6
ROUTE_PAYMENT_MES_AV_SUCC=10.976190476190476
ROUTE_PAYMENT_HOPS_AV=5.56
ROUTE_PAYMENT_HOPS_AV_SUCC=4.7976190476190474
ROUTE_PAYMENT_SUCCESS_DIRECT=0.84
ROUTE_PAYMENT_SUCCESS=0.84
ROUTE_PAYMENT_FEE_AV=0.6752319746435235
ROUTE_PAYMENT_FEE_MED=0.5849628094031347
ROUTE_PAYMENT_FEE_Q1=0.3426751010471591
ROUTE_PAYMENT_FEE_Q3=0.9505370617814769
