ROUTE_PAYMENT_MES_AV=4.0406
ROUTE_PAYMENT_MES_AV_SUCC=3.6844468390804597
ROUTE_PAYMENT_HOPS_AV=3.2138999999999998
ROUTE_PAYMENT_HOPS_AV_SUCC=3.6280531609195403
ROUTE_PAYMENT_SUCCESS_DIRECT=0.5568
ROUTE_PAYMENT_SUCCESS=0.5568
