ROUTE_PAYMENT_MES_AV=6.030600000000001
ROUTE_PAYMENT_MES_AV_SUCC=4.810348560294434
ROUTE_PAYMENT_HOPS_AV=5.672399999999998
ROUTE_PAYMENT_HOPS_AV_SUCC=4.707512448581945
ROUTE_PAYMENT_SUCCESS_DIRECT=0.9238
ROUTE_PAYMENT_SUCCESS=0.9238
