ROUTE_PAYMENT_MES_AV=5.209499999999998
ROUTE_PAYMENT_MES_AV_SUCC=4.5703809106830136
ROUTE_PAYMENT_HOPS_AV=5.105000000000002
ROUTE_PAYMENT_HOPS_AV_SUCC=4.551335376532398
ROUTE_PAYMENT_SUCCESS_DIRECT=0.9136
ROUTE_PAYMENT_SUCCESS=0.9136
