ROUTE_PAYMENT_MES_AV=7.1092
ROUTE_PAYMENT_MES_AV_SUCC=5.891898341486698
ROUTE_PAYMENT_HOPS_AV=15.309300000000004
ROUTE_PAYMENT_HOPS_AV_SUCC=14.244242930437903
ROUTE_PAYMENT_SUCCESS_DIRECT=0.8381
ROUTE_PAYMENT_SUCCESS=0.8381
