ROUTE_PAYMENT_MES_AV=5.914599999999998
ROUTE_PAYMENT_MES_AV_SUCC=4.787277408281486
ROUTE_PAYMENT_HOPS_AV=5.588300000000002
ROUTE_PAYMENT_HOPS_AV_SUCC=4.674104269470074
ROUTE_PAYMENT_SUCCESS_DIRECT=0.9322
ROUTE_PAYMENT_SUCCESS=0.9322
