ROUTE_PAYMENT_MES_AV=5.220900000000001
ROUTE_PAYMENT_MES_AV_SUCC=4.563830961050425
ROUTE_PAYMENT_HOPS_AV=31.918399999999984
ROUTE_PAYMENT_HOPS_AV_SUCC=27.560520798852476
ROUTE_PAYMENT_SUCCESS_DIRECT=0.9063
ROUTE_PAYMENT_SUCCESS=0.9063
