ROUTE_PAYMENT_MES_AV=5.115200000000001
ROUTE_PAYMENT_MES_AV_SUCC=4.449095890410958
ROUTE_PAYMENT_HOPS_AV=5.005799999999998
ROUTE_PAYMENT_HOPS_AV_SUCC=4.424767123287671
ROUTE_PAYMENT_SUCCESS_DIRECT=0.9125
ROUTE_PAYMENT_SUCCESS=0.9125
