ROUTE_PAYMENT_MES_AV=5.3103
ROUTE_PAYMENT_MES_AV_SUCC=4.557607739665787
ROUTE_PAYMENT_HOPS_AV=5.231900000000003
ROUTE_PAYMENT_HOPS_AV_SUCC=4.55123131046614
ROUTE_PAYMENT_SUCCESS_DIRECT=0.9096
ROUTE_PAYMENT_SUCCESS=0.9096
