ROUTE_PAYMENT_MES_AV=5.268600000000001
ROUTE_PAYMENT_MES_AV_SUCC=4.566940080633951
ROUTE_PAYMENT_HOPS_AV=3.7582
ROUTE_PAYMENT_HOPS_AV_SUCC=3.8454052551091333
ROUTE_PAYMENT_SUCCESS_DIRECT=0.7193
ROUTE_PAYMENT_SUCCESS=0.7193
