ROUTE_PAYMENT_MES_AV=7.3629000000000016
ROUTE_PAYMENT_MES_AV_SUCC=6.066811577622698
ROUTE_PAYMENT_HOPS_AV=11.881599999999997
ROUTE_PAYMENT_HOPS_AV_SUCC=10.94439995423865
ROUTE_PAYMENT_SUCCESS_DIRECT=0.8741
ROUTE_PAYMENT_SUCCESS=0.8741
