ROUTE_PAYMENT_MES_AV=4.308600000000001
ROUTE_PAYMENT_MES_AV_SUCC=3.8840193301116472
ROUTE_PAYMENT_HOPS_AV=3.3423999999999996
ROUTE_PAYMENT_HOPS_AV_SUCC=3.708381936343942
ROUTE_PAYMENT_SUCCESS_DIRECT=0.6001
ROUTE_PAYMENT_SUCCESS=0.6001
