ROUTE_PAYMENT_MES_AV=6.092299999999999
ROUTE_PAYMENT_MES_AV_SUCC=4.880400421496312
ROUTE_PAYMENT_HOPS_AV=4.0139
ROUTE_PAYMENT_HOPS_AV_SUCC=3.9308482613277134
ROUTE_PAYMENT_SUCCESS_DIRECT=0.7592
ROUTE_PAYMENT_SUCCESS=0.7592
