ROUTE_PAYMENT_MES_AV=555.9276000000002
ROUTE_PAYMENT_MES_AV_SUCC=405.90502206345866
ROUTE_PAYMENT_HOPS_AV=22.686600000000002
ROUTE_PAYMENT_HOPS_AV_SUCC=19.009140575751207
ROUTE_PAYMENT_SUCCESS_DIRECT=0.9518
ROUTE_PAYMENT_SUCCESS=0.9518
ROUTE_PAYMENT_FEE_AV=3.592200294744744
ROUTE_PAYMENT_FEE_MED=5.695910765485463
ROUTE_PAYMENT_FEE_Q1=1.9700907899491387
ROUTE_PAYMENT_FEE_Q3=3.9744733814395223
