ROUTE_PAYMENT_MES_AV=5.199899999999999
ROUTE_PAYMENT_MES_AV_SUCC=4.55793850530693
ROUTE_PAYMENT_HOPS_AV=5.113600000000001
ROUTE_PAYMENT_HOPS_AV_SUCC=4.547105810263706
ROUTE_PAYMENT_SUCCESS_DIRECT=0.9139
ROUTE_PAYMENT_SUCCESS=0.9139
