ROUTE_PAYMENT_MES_AV=5.3286999999999995
ROUTE_PAYMENT_MES_AV_SUCC=4.554030501089323
ROUTE_PAYMENT_HOPS_AV=5.186400000000002
ROUTE_PAYMENT_HOPS_AV_SUCC=4.51535947712418
ROUTE_PAYMENT_SUCCESS_DIRECT=0.918
ROUTE_PAYMENT_SUCCESS=0.918
