ROUTE_PAYMENT_MES_AV=7.410199999999997
ROUTE_PAYMENT_MES_AV_SUCC=5.6906957250628665
ROUTE_PAYMENT_HOPS_AV=4.565300000000001
ROUTE_PAYMENT_HOPS_AV_SUCC=4.196263920488563
ROUTE_PAYMENT_SUCCESS_DIRECT=0.8351
ROUTE_PAYMENT_SUCCESS=0.8351
