ROUTE_PAYMENT_MES_AV=6.709699999999999
ROUTE_PAYMENT_MES_AV_SUCC=5.3399250355434935
ROUTE_PAYMENT_HOPS_AV=21.516
ROUTE_PAYMENT_HOPS_AV_SUCC=19.874628408944037
ROUTE_PAYMENT_SUCCESS_DIRECT=0.7737
ROUTE_PAYMENT_SUCCESS=0.7737
