ROUTE_PAYMENT_MES_AV=5.964500000000004
ROUTE_PAYMENT_MES_AV_SUCC=4.6856133590237645
ROUTE_PAYMENT_HOPS_AV=5.605199999999997
ROUTE_PAYMENT_HOPS_AV_SUCC=4.55823164204667
ROUTE_PAYMENT_SUCCESS_DIRECT=0.9342
ROUTE_PAYMENT_SUCCESS=0.9342
