ROUTE_PAYMENT_MES_AV=4.878300000000001
ROUTE_PAYMENT_MES_AV_SUCC=4.40680963961972
ROUTE_PAYMENT_HOPS_AV=38.082400000000014
ROUTE_PAYMENT_HOPS_AV_SUCC=33.810634534600936
ROUTE_PAYMENT_SUCCESS_DIRECT=0.9046
ROUTE_PAYMENT_SUCCESS=0.9046
