ROUTE_PAYMENT_MES_AV=6.602600000000001
ROUTE_PAYMENT_MES_AV_SUCC=5.7326825826178975
ROUTE_PAYMENT_HOPS_AV=8.4408
ROUTE_PAYMENT_HOPS_AV_SUCC=8.632482653181237
ROUTE_PAYMENT_SUCCESS_DIRECT=0.8503
ROUTE_PAYMENT_SUCCESS=0.8503
