ROUTE_PAYMENT_MES_AV=3.8246
ROUTE_PAYMENT_MES_AV_SUCC=3.8404150197628457
ROUTE_PAYMENT_HOPS_AV=16.747999999999998
ROUTE_PAYMENT_HOPS_AV_SUCC=22.12038866930172
ROUTE_PAYMENT_SUCCESS_DIRECT=0.6072
ROUTE_PAYMENT_SUCCESS=0.6072
