ROUTE_PAYMENT_MES_AV=5.576800000000004
ROUTE_PAYMENT_MES_AV_SUCC=4.659207708779444
ROUTE_PAYMENT_HOPS_AV=5.304200000000002
ROUTE_PAYMENT_HOPS_AV_SUCC=4.565738758029976
ROUTE_PAYMENT_SUCCESS_DIRECT=0.934
ROUTE_PAYMENT_SUCCESS=0.934
