ROUTE_PAYMENT_MES_AV=6.876600000000002
ROUTE_PAYMENT_MES_AV_SUCC=5.590173976966431
ROUTE_PAYMENT_HOPS_AV=16.94390000000001
ROUTE_PAYMENT_HOPS_AV_SUCC=15.745037980887039
ROUTE_PAYMENT_SUCCESS_DIRECT=0.8162
ROUTE_PAYMENT_SUCCESS=0.8162
