ROUTE_PAYMENT_MES_AV=5.126
ROUTE_PAYMENT_MES_AV_SUCC=4.549645002730749
ROUTE_PAYMENT_HOPS_AV=24.46699999999998
ROUTE_PAYMENT_HOPS_AV_SUCC=21.363407973784813
ROUTE_PAYMENT_SUCCESS_DIRECT=0.9155
ROUTE_PAYMENT_SUCCESS=0.9155
