ROUTE_PAYMENT_MES_AV=6.0156
ROUTE_PAYMENT_MES_AV_SUCC=4.845384118786316
ROUTE_PAYMENT_HOPS_AV=5.660400000000003
ROUTE_PAYMENT_HOPS_AV_SUCC=4.726490208736818
ROUTE_PAYMENT_SUCCESS_DIRECT=0.9294
ROUTE_PAYMENT_SUCCESS=0.9294
