ROUTE_PAYMENT_MES_AV=8.300500000000003
ROUTE_PAYMENT_MES_AV_SUCC=6.615591397849463
ROUTE_PAYMENT_HOPS_AV=4.827700000000001
ROUTE_PAYMENT_HOPS_AV_SUCC=4.381935483870968
ROUTE_PAYMENT_SUCCESS_DIRECT=0.93
ROUTE_PAYMENT_SUCCESS=0.93
