ROUTE_PAYMENT_MES_AV=4.2181
ROUTE_PAYMENT_MES_AV_SUCC=4.0643736194383075
ROUTE_PAYMENT_HOPS_AV=14.730300000000003
ROUTE_PAYMENT_HOPS_AV_SUCC=18.8826128116125
ROUTE_PAYMENT_SUCCESS_DIRECT=0.6338
ROUTE_PAYMENT_SUCCESS=0.6338
