ROUTE_PAYMENT_MES_AV=5.6091999999999995
ROUTE_PAYMENT_MES_AV_SUCC=4.692948301968418
ROUTE_PAYMENT_HOPS_AV=17.855799999999995
ROUTE_PAYMENT_HOPS_AV_SUCC=14.438676184295907
ROUTE_PAYMENT_SUCCESS_DIRECT=0.9246
ROUTE_PAYMENT_SUCCESS=0.9246
