ROUTE_PAYMENT_MES_AV=5.626100000000002
ROUTE_PAYMENT_MES_AV_SUCC=4.686321008946857
ROUTE_PAYMENT_HOPS_AV=5.4152000000000005
ROUTE_PAYMENT_HOPS_AV_SUCC=4.597283604613561
ROUTE_PAYMENT_SUCCESS_DIRECT=0.9277
ROUTE_PAYMENT_SUCCESS=0.9277
