ROUTE_PAYMENT_MES_AV=4.8496
ROUTE_PAYMENT_MES_AV_SUCC=4.448439522508269
ROUTE_PAYMENT_HOPS_AV=12.1266
ROUTE_PAYMENT_HOPS_AV_SUCC=14.374083129584347
ROUTE_PAYMENT_SUCCESS_DIRECT=0.6953
ROUTE_PAYMENT_SUCCESS=0.6953
