ROUTE_PAYMENT_MES_AV=5.911515000000002	5.933699999999998	5.5370000000000035	6.3107000000000015	0.04417970327499993	0.05181120655833336	0.03793574604318168	5.819395309352117	6.003634690647887
ROUTE_PAYMENT_MES_AV_SUCC=4.767050615735235	4.776691729323309	4.637218245913895	4.904589500585668	0.005519704288735707	0.006187066328000144	0.004973680802064801	4.734489522390871	4.799611709079598
ROUTE_PAYMENT_HOPS_AV=5.5850849999999985	5.589999999999998	5.270900000000003	5.902400000000001	0.03146105327499998	0.0315722668249994	0.031349839725000564	5.507348013223677	5.66282198677632
ROUTE_PAYMENT_HOPS_AV_SUCC=4.637123674724913	4.644673318313486	4.526653135348786	4.758811628154618	0.004342999297514983	0.006396751139014988	0.003237132921322672	4.60824109684366	4.6660062526061665
ROUTE_PAYMENT_SUCCESS_DIRECT=0.93238	0.9319	0.9262	0.9391	1.3968600000000046E-5	1.0816733333333309E-5	1.8696400000000162E-5	0.9307419863590312	0.9340180136409688
ROUTE_PAYMENT_SUCCESS=0.93238	0.9319	0.9262	0.9391	1.3968600000000046E-5	1.0816733333333309E-5	1.8696400000000162E-5	0.9307419863590312	0.9340180136409688
