ROUTE_PAYMENT_MES_AV=6.261325000000001	6.233900000000001	6.008500000000001	6.4865	0.020331710874999884	0.01787208153409101	0.02333792451388851	6.198832480248674	6.323817519751328
ROUTE_PAYMENT_MES_AV_SUCC=4.900447452840694	4.882337102854065	4.803066989507668	5.0429242119382955	0.0038359728086451933	0.00253448241815996	0.005788208394373044	4.873303141151418	4.92759176452997
ROUTE_PAYMENT_HOPS_AV=4.10163	4.106000000000001	4.0219000000000005	4.201499999999998	0.003203975099999974	0.0029943337000000155	0.0034136164999999325	4.076822349220291	4.126437650779709
ROUTE_PAYMENT_HOPS_AV_SUCC=3.9785605281074106	3.982364028002155	3.9207974137931036	4.059825620389002	0.0014056812925328567	0.001323025992337087	0.0014733083563293955	3.962128752102678	3.9949923041121433
ROUTE_PAYMENT_SUCCESS_DIRECT=0.748645	0.745	0.7377	0.765	6.001047500000003E-5	3.4061640384615376E-5	1.0820116785714298E-4	0.7452498840906384	0.7520401159093616
ROUTE_PAYMENT_SUCCESS=0.748645	0.745	0.7377	0.765	6.001047500000003E-5	3.4061640384615376E-5	1.0820116785714298E-4	0.7452498840906384	0.7520401159093616
