ROUTE_PAYMENT_MES_AV=16.04
ROUTE_PAYMENT_MES_AV_SUCC=16.46590909090909
ROUTE_PAYMENT_HOPS_AV=5.58
ROUTE_PAYMENT_HOPS_AV_SUCC=5.363636363636363
ROUTE_PAYMENT_SUCCESS_DIRECT=0.88
ROUTE_PAYMENT_SUCCESS=0.88
ROUTE_PAYMENT_FEE_AV=1.2975191186162092
ROUTE_PAYMENT_FEE_MED=1.1063286658325642
ROUTE_PAYMENT_FEE_Q1=0.49876610980658587
ROUTE_PAYMENT_FEE_Q3=1.4551810527639306
