ROUTE_PAYMENT_MES_AV=14.74
ROUTE_PAYMENT_MES_AV_SUCC=13.654761904761905
ROUTE_PAYMENT_HOPS_AV=6.11
ROUTE_PAYMENT_HOPS_AV_SUCC=4.6190476190476195
ROUTE_PAYMENT_SUCCESS_DIRECT=0.84
ROUTE_PAYMENT_SUCCESS=0.84
ROUTE_PAYMENT_FEE_AV=3.6652793171586833
ROUTE_PAYMENT_FEE_MED=1.0963969730957384
ROUTE_PAYMENT_FEE_Q1=0.22069984661421954
ROUTE_PAYMENT_FEE_Q3=1.0963969730957384
