ROUTE_PAYMENT_MES_AV=6.193499999999998
ROUTE_PAYMENT_MES_AV_SUCC=4.890956016775997
ROUTE_PAYMENT_HOPS_AV=5.828600000000001
ROUTE_PAYMENT_HOPS_AV_SUCC=4.754167114743525
ROUTE_PAYMENT_SUCCESS_DIRECT=0.9299
ROUTE_PAYMENT_SUCCESS=0.9299
