ROUTE_PAYMENT_MES_AV=48.75	48.75	48.75	48.75	0.0	0.0	0.0	48.75	48.75
ROUTE_PAYMENT_MES_AV_SUCC=13.0	13.0	13.0	13.0	0.0	0.0	0.0	13.0	13.0
ROUTE_PAYMENT_HOPS_AV=33.75	33.75	33.75	33.75	0.0	0.0	0.0	33.75	33.75
ROUTE_PAYMENT_HOPS_AV_SUCC=9.0	9.0	9.0	9.0	0.0	0.0	0.0	9.0	9.0
ROUTE_PAYMENT_SUCCESS_DIRECT=0.75	0.75	0.75	0.75	0.0	0.0	0.0	0.75	0.75
ROUTE_PAYMENT_SUCCESS=3.75	3.75	3.75	3.75	0.0	0.0	0.0	3.75	3.75
ROUTE_PAYMENT_FEE_AV=0.4166866666666669	0.4166866666666669	0.4166866666666669	0.4166866666666669	0.0	0.0	0.0	0.4166866666666669	0.4166866666666669
ROUTE_PAYMENT_FEE_MED=0.0	0.0	0.0	0.0	0.0	0.0	0.0	0.0	0.0
ROUTE_PAYMENT_FEE_Q1=0.0	0.0	0.0	0.0	0.0	0.0	0.0	0.0	0.0
ROUTE_PAYMENT_FEE_Q3=1.00006	1.00006	1.00006	1.00006	0.0	0.0	0.0	1.00006	1.00006
