ROUTE_PAYMENT_MES_AV=6.876799999999997
ROUTE_PAYMENT_MES_AV_SUCC=5.623690476190478
ROUTE_PAYMENT_HOPS_AV=14.9396
ROUTE_PAYMENT_HOPS_AV_SUCC=13.54416666666667
ROUTE_PAYMENT_SUCCESS_DIRECT=0.84
ROUTE_PAYMENT_SUCCESS=0.84
