ROUTE_PAYMENT_MES_AV=5.690900000000002
ROUTE_PAYMENT_MES_AV_SUCC=4.6550010801469
ROUTE_PAYMENT_HOPS_AV=5.4164
ROUTE_PAYMENT_HOPS_AV_SUCC=4.556599697558865
ROUTE_PAYMENT_SUCCESS_DIRECT=0.9258
ROUTE_PAYMENT_SUCCESS=0.9258
