ROUTE_PAYMENT_MES_AV=7.6641
ROUTE_PAYMENT_MES_AV_SUCC=6.50026418683293
ROUTE_PAYMENT_HOPS_AV=4.615100000000001
ROUTE_PAYMENT_HOPS_AV_SUCC=4.289443094156188
ROUTE_PAYMENT_SUCCESS_DIRECT=0.9463
ROUTE_PAYMENT_SUCCESS=0.9463
