ROUTE_PAYMENT_MES_AV=5.599300000000002
ROUTE_PAYMENT_MES_AV_SUCC=4.744756373023557
ROUTE_PAYMENT_HOPS_AV=31.81050000000002
ROUTE_PAYMENT_HOPS_AV_SUCC=26.752500806711836
ROUTE_PAYMENT_SUCCESS_DIRECT=0.9297
ROUTE_PAYMENT_SUCCESS=0.9297
