ROUTE_PAYMENT_MES_AV=5.1434
ROUTE_PAYMENT_MES_AV_SUCC=4.501050768720273
ROUTE_PAYMENT_HOPS_AV=25.4744
ROUTE_PAYMENT_HOPS_AV_SUCC=21.79736754783764
ROUTE_PAYMENT_SUCCESS_DIRECT=0.9041
ROUTE_PAYMENT_SUCCESS=0.9041
