ROUTE_PAYMENT_MES_AV=5.622900000000002
ROUTE_PAYMENT_MES_AV_SUCC=4.66584635138027
ROUTE_PAYMENT_HOPS_AV=21.427299999999995
ROUTE_PAYMENT_HOPS_AV_SUCC=17.400385191525807
ROUTE_PAYMENT_SUCCESS_DIRECT=0.9346
ROUTE_PAYMENT_SUCCESS=0.9346
