ROUTE_PAYMENT_MES_AV=2.5
ROUTE_PAYMENT_MES_AV_SUCC=7.0
ROUTE_PAYMENT_HOPS_AV=1.5
ROUTE_PAYMENT_HOPS_AV_SUCC=4.0
ROUTE_PAYMENT_SUCCESS_DIRECT=0.125
ROUTE_PAYMENT_SUCCESS=0.125
ROUTE_PAYMENT_FEE_AV=3.0036012407211245E-4
ROUTE_PAYMENT_FEE_MED=3.0036012407211245E-4
ROUTE_PAYMENT_FEE_Q1=3.0036012407211245E-4
ROUTE_PAYMENT_FEE_Q3=3.0036012407211245E-4
