ROUTE_PAYMENT_MES_AV=4.387000000000001
ROUTE_PAYMENT_MES_AV_SUCC=3.940303485075871
ROUTE_PAYMENT_HOPS_AV=3.3737
ROUTE_PAYMENT_HOPS_AV_SUCC=3.7316991829247956
ROUTE_PAYMENT_SUCCESS_DIRECT=0.5997
ROUTE_PAYMENT_SUCCESS=0.5997
