ROUTE_PAYMENT_MES_AV=6.055700000000002
ROUTE_PAYMENT_MES_AV_SUCC=4.805448305448305
ROUTE_PAYMENT_HOPS_AV=5.722200000000003
ROUTE_PAYMENT_HOPS_AV_SUCC=4.676962676962678
ROUTE_PAYMENT_SUCCESS_DIRECT=0.9324
ROUTE_PAYMENT_SUCCESS=0.9324
