ROUTE_PAYMENT_MES_AV=3.8580049999999995	3.8502999999999994	3.7405	4.0481	0.0066374814750000104	0.004944726661363576	0.008706404025000095	3.822298873890913	3.893711126109086
ROUTE_PAYMENT_MES_AV_SUCC=3.8702264501486283	3.870897521768252	3.763166953528399	3.9737614080834427	0.0035250611734438816	0.0033636792150837946	0.003686443131803968	3.8442054249921305	3.896247475305126
ROUTE_PAYMENT_HOPS_AV=16.560444999999998	16.855400000000003	15.577399999999999	17.2744	0.2875515534750014	0.4375227174000018	0.1875707775250011	16.325428187002547	16.79546181299745
ROUTE_PAYMENT_HOPS_AV_SUCC=21.919844664671135	22.39555267002111	19.86048703849175	23.016541609822642	0.7887980067102206	1.2828071216158836	0.4594585967731121	21.530598828304324	22.309090501037947
ROUTE_PAYMENT_SUCCESS_DIRECT=0.5996400000000001	0.5986	0.5798	0.6365	1.6869939999999986E-4	1.1666560000000112E-4	2.3229626666666507E-4	0.593947568116174	0.6053324318838261
ROUTE_PAYMENT_SUCCESS=0.5996400000000001	0.5986	0.5798	0.6365	1.6869939999999986E-4	1.1666560000000112E-4	2.3229626666666507E-4	0.593947568116174	0.6053324318838261
