ROUTE_PAYMENT_MES_AV=5.2711999999999986
ROUTE_PAYMENT_MES_AV_SUCC=4.517574692442881
ROUTE_PAYMENT_HOPS_AV=5.188100000000003
ROUTE_PAYMENT_HOPS_AV_SUCC=4.506260984182776
ROUTE_PAYMENT_SUCCESS_DIRECT=0.9104
ROUTE_PAYMENT_SUCCESS=0.9104
