ROUTE_PAYMENT_MES_AV=5.6548000000000025
ROUTE_PAYMENT_MES_AV_SUCC=4.700961850210741
ROUTE_PAYMENT_HOPS_AV=5.3998
ROUTE_PAYMENT_HOPS_AV_SUCC=4.62152815303145
ROUTE_PAYMENT_SUCCESS_DIRECT=0.9253
ROUTE_PAYMENT_SUCCESS=0.9253
