ROUTE_PAYMENT_MES_AV=5.564500000000002
ROUTE_PAYMENT_MES_AV_SUCC=4.668179853004753
ROUTE_PAYMENT_HOPS_AV=37.0961
ROUTE_PAYMENT_HOPS_AV_SUCC=30.727302204928712
ROUTE_PAYMENT_SUCCESS_DIRECT=0.9252
ROUTE_PAYMENT_SUCCESS=0.9252
