ROUTE_PAYMENT_MES_AV=5.650499999999997
ROUTE_PAYMENT_MES_AV_SUCC=4.71233913701741
ROUTE_PAYMENT_HOPS_AV=33.083800000000025
ROUTE_PAYMENT_HOPS_AV_SUCC=27.267762517573267
ROUTE_PAYMENT_SUCCESS_DIRECT=0.9247
ROUTE_PAYMENT_SUCCESS=0.9247
