ROUTE_PAYMENT_MES_AV=5.750599999999997
ROUTE_PAYMENT_MES_AV_SUCC=4.618946020908897
ROUTE_PAYMENT_HOPS_AV=12.844999999999999
ROUTE_PAYMENT_HOPS_AV_SUCC=10.450501386814596
ROUTE_PAYMENT_SUCCESS_DIRECT=0.9374
ROUTE_PAYMENT_SUCCESS=0.9374
