ROUTE_PAYMENT_MES_AV=6.623400000000003
ROUTE_PAYMENT_MES_AV_SUCC=5.250129668049792
ROUTE_PAYMENT_HOPS_AV=22.205199999999994
ROUTE_PAYMENT_HOPS_AV_SUCC=20.764782157676347
ROUTE_PAYMENT_SUCCESS_DIRECT=0.7712
ROUTE_PAYMENT_SUCCESS=0.7712
