ROUTE_PAYMENT_MES_AV=5.791599999999999
ROUTE_PAYMENT_MES_AV_SUCC=4.652057148995595
ROUTE_PAYMENT_HOPS_AV=5.486499999999999
ROUTE_PAYMENT_HOPS_AV_SUCC=4.534429047158665
ROUTE_PAYMENT_SUCCESS_DIRECT=0.9309
ROUTE_PAYMENT_SUCCESS=0.9309
