ROUTE_PAYMENT_MES_AV=3.5757
ROUTE_PAYMENT_MES_AV_SUCC=3.6947148817802504
ROUTE_PAYMENT_HOPS_AV=18.65839999999999
ROUTE_PAYMENT_HOPS_AV_SUCC=25.195757997218365
ROUTE_PAYMENT_SUCCESS_DIRECT=0.5752
ROUTE_PAYMENT_SUCCESS=0.5752
