ROUTE_PAYMENT_MES_AV=5.687199999999999
ROUTE_PAYMENT_MES_AV_SUCC=4.717882225823879
ROUTE_PAYMENT_HOPS_AV=28.021800000000013
ROUTE_PAYMENT_HOPS_AV_SUCC=22.805186385737407
ROUTE_PAYMENT_SUCCESS_DIRECT=0.9255
ROUTE_PAYMENT_SUCCESS=0.9255
