ROUTE_PAYMENT_MES_AV=5.695399999999997
ROUTE_PAYMENT_MES_AV_SUCC=4.608305396344759
ROUTE_PAYMENT_HOPS_AV=5.4109
ROUTE_PAYMENT_HOPS_AV_SUCC=4.497458635233049
ROUTE_PAYMENT_SUCCESS_DIRECT=0.9247
ROUTE_PAYMENT_SUCCESS=0.9247
