ROUTE_PAYMENT_MES_AV=5.091899999999996
ROUTE_PAYMENT_MES_AV_SUCC=4.510760401721666
ROUTE_PAYMENT_HOPS_AV=32.481199999999994
ROUTE_PAYMENT_HOPS_AV_SUCC=28.290034212559313
ROUTE_PAYMENT_SUCCESS_DIRECT=0.9061
ROUTE_PAYMENT_SUCCESS=0.9061
