ROUTE_PAYMENT_MES_AV=7.4823
ROUTE_PAYMENT_MES_AV_SUCC=5.9493251243192065
ROUTE_PAYMENT_HOPS_AV=15.442499999999992
ROUTE_PAYMENT_HOPS_AV_SUCC=13.874615202462705
ROUTE_PAYMENT_SUCCESS_DIRECT=0.8446
ROUTE_PAYMENT_SUCCESS=0.8446
