ROUTE_PAYMENT_MES_AV=5.163999999999998
ROUTE_PAYMENT_MES_AV_SUCC=4.590984421610874
ROUTE_PAYMENT_HOPS_AV=5.109600000000002
ROUTE_PAYMENT_HOPS_AV_SUCC=4.590873936581595
ROUTE_PAYMENT_SUCCESS_DIRECT=0.9051
ROUTE_PAYMENT_SUCCESS=0.9051
