ROUTE_PAYMENT_MES_AV=8.593599999999993
ROUTE_PAYMENT_MES_AV_SUCC=7.180225409836065
ROUTE_PAYMENT_HOPS_AV=4.9643
ROUTE_PAYMENT_HOPS_AV_SUCC=4.5546106557377035
ROUTE_PAYMENT_SUCCESS_DIRECT=0.976
ROUTE_PAYMENT_SUCCESS=0.976
