ROUTE_PAYMENT_MES_AV=5.643099999999999
ROUTE_PAYMENT_MES_AV_SUCC=4.7743178170144445
ROUTE_PAYMENT_HOPS_AV=5.383799999999999
ROUTE_PAYMENT_HOPS_AV_SUCC=4.670197966827182
ROUTE_PAYMENT_SUCCESS_DIRECT=0.9345
ROUTE_PAYMENT_SUCCESS=0.9345
