ROUTE_PAYMENT_MES_AV=5.787100000000001
ROUTE_PAYMENT_MES_AV_SUCC=4.735425035283899
ROUTE_PAYMENT_HOPS_AV=5.528000000000001
ROUTE_PAYMENT_HOPS_AV_SUCC=4.654652046466182
ROUTE_PAYMENT_SUCCESS_DIRECT=0.9211
ROUTE_PAYMENT_SUCCESS=0.9211
