ROUTE_PAYMENT_MES_AV=5.6475
ROUTE_PAYMENT_MES_AV_SUCC=4.7391304347826075
ROUTE_PAYMENT_HOPS_AV=8.004700000000001
ROUTE_PAYMENT_HOPS_AV_SUCC=6.661321566939303
ROUTE_PAYMENT_SUCCESS_DIRECT=0.9292
ROUTE_PAYMENT_SUCCESS=0.9292
