ROUTE_PAYMENT_MES_AV=5.1927
ROUTE_PAYMENT_MES_AV_SUCC=4.600196463654224
ROUTE_PAYMENT_HOPS_AV=17.122499999999995
ROUTE_PAYMENT_HOPS_AV_SUCC=14.920323073564731
ROUTE_PAYMENT_SUCCESS_DIRECT=0.9162
ROUTE_PAYMENT_SUCCESS=0.9162
