ROUTE_PAYMENT_MES_AV=6.372799999999999
ROUTE_PAYMENT_MES_AV_SUCC=5.565515610217596
ROUTE_PAYMENT_HOPS_AV=4.2501999999999995
ROUTE_PAYMENT_HOPS_AV_SUCC=4.153027436140017
ROUTE_PAYMENT_SUCCESS_DIRECT=0.8456
ROUTE_PAYMENT_SUCCESS=0.8456
