ROUTE_PAYMENT_MES_AV=5.015399999999999
ROUTE_PAYMENT_MES_AV_SUCC=4.5575551410073505
ROUTE_PAYMENT_HOPS_AV=38.79950000000004
ROUTE_PAYMENT_HOPS_AV_SUCC=34.72424009656536
ROUTE_PAYMENT_SUCCESS_DIRECT=0.9113
ROUTE_PAYMENT_SUCCESS=0.9113
