ROUTE_PAYMENT_MES_AV=7.5961000000000025
ROUTE_PAYMENT_MES_AV_SUCC=6.545610830557647
ROUTE_PAYMENT_HOPS_AV=4.634700000000002
ROUTE_PAYMENT_HOPS_AV_SUCC=4.383582249919416
ROUTE_PAYMENT_SUCCESS_DIRECT=0.9307
ROUTE_PAYMENT_SUCCESS=0.9307
