ROUTE_PAYMENT_MES_AV=9.2138
ROUTE_PAYMENT_MES_AV_SUCC=7.2525273364968035
ROUTE_PAYMENT_HOPS_AV=5.006900000000002
ROUTE_PAYMENT_HOPS_AV_SUCC=4.523726016092428
ROUTE_PAYMENT_SUCCESS_DIRECT=0.9694
ROUTE_PAYMENT_SUCCESS=0.9694
