ROUTE_PAYMENT_MES_AV=6.042299999999999
ROUTE_PAYMENT_MES_AV_SUCC=4.775787187839303
ROUTE_PAYMENT_HOPS_AV=23.764799999999976
ROUTE_PAYMENT_HOPS_AV_SUCC=18.39826275787187
ROUTE_PAYMENT_SUCCESS_DIRECT=0.921
ROUTE_PAYMENT_SUCCESS=0.921
