ROUTE_PAYMENT_MES_AV=5.5081
ROUTE_PAYMENT_MES_AV_SUCC=4.808761804826864
ROUTE_PAYMENT_HOPS_AV=3.8538
ROUTE_PAYMENT_HOPS_AV_SUCC=3.935204616998951
ROUTE_PAYMENT_SUCCESS_DIRECT=0.7624
ROUTE_PAYMENT_SUCCESS=0.7624
