ROUTE_PAYMENT_MES_AV=9.5683
ROUTE_PAYMENT_MES_AV_SUCC=7.1690910966676995
ROUTE_PAYMENT_HOPS_AV=5.195000000000001
ROUTE_PAYMENT_HOPS_AV_SUCC=4.547611678530898
ROUTE_PAYMENT_SUCCESS_DIRECT=0.9693
ROUTE_PAYMENT_SUCCESS=0.9693
