ROUTE_PAYMENT_MES_AV=6.096599999999999
ROUTE_PAYMENT_MES_AV_SUCC=4.882530445091066
ROUTE_PAYMENT_HOPS_AV=5.773199999999999
ROUTE_PAYMENT_HOPS_AV_SUCC=4.746308869490245
ROUTE_PAYMENT_SUCCESS_DIRECT=0.9279
ROUTE_PAYMENT_SUCCESS=0.9279
