ROUTE_PAYMENT_MES_AV=5.110100000000001
ROUTE_PAYMENT_MES_AV_SUCC=4.532587228439763
ROUTE_PAYMENT_HOPS_AV=5.0187
ROUTE_PAYMENT_HOPS_AV_SUCC=4.51525126179504
ROUTE_PAYMENT_SUCCESS_DIRECT=0.9114
ROUTE_PAYMENT_SUCCESS=0.9114
