ROUTE_PAYMENT_MES_AV=4.215400000000001
ROUTE_PAYMENT_MES_AV_SUCC=3.8327946929749945
ROUTE_PAYMENT_HOPS_AV=3.284
ROUTE_PAYMENT_HOPS_AV_SUCC=3.6768157849974488
ROUTE_PAYMENT_SUCCESS_DIRECT=0.5879
ROUTE_PAYMENT_SUCCESS=0.5879
