ROUTE_PAYMENT_MES_AV=7.550300000000001
ROUTE_PAYMENT_MES_AV_SUCC=6.285329889140029
ROUTE_PAYMENT_HOPS_AV=4.587399999999998
ROUTE_PAYMENT_HOPS_AV_SUCC=4.235927241416425
ROUTE_PAYMENT_SUCCESS_DIRECT=0.9291
ROUTE_PAYMENT_SUCCESS=0.9291
