ROUTE_PAYMENT_MES_AV=6.336999999999999
ROUTE_PAYMENT_MES_AV_SUCC=5.150271107668473
ROUTE_PAYMENT_HOPS_AV=20.394399999999997
ROUTE_PAYMENT_HOPS_AV_SUCC=19.5870126516912
ROUTE_PAYMENT_SUCCESS_DIRECT=0.7746
ROUTE_PAYMENT_SUCCESS=0.7746
