ROUTE_PAYMENT_MES_AV=8.083099999999998
ROUTE_PAYMENT_MES_AV_SUCC=6.775739261817395
ROUTE_PAYMENT_HOPS_AV=4.756300000000002
ROUTE_PAYMENT_HOPS_AV_SUCC=4.426829268292682
ROUTE_PAYMENT_SUCCESS_DIRECT=0.9266
ROUTE_PAYMENT_SUCCESS=0.9266
