ROUTE_PAYMENT_MES_AV=15.353499999999999
ROUTE_PAYMENT_MES_AV_SUCC=14.446903596509895
ROUTE_PAYMENT_HOPS_AV=7.2479
ROUTE_PAYMENT_HOPS_AV_SUCC=6.75814002979357
ROUTE_PAYMENT_SUCCESS_DIRECT=0.9398
ROUTE_PAYMENT_SUCCESS=0.9398
ROUTE_PAYMENT_FEE_AV=3.5951267272016416
ROUTE_PAYMENT_FEE_MED=5.199492861836809
ROUTE_PAYMENT_FEE_Q1=1.7115531440010066
ROUTE_PAYMENT_FEE_Q3=4.023192809690423
