ROUTE_PAYMENT_MES_AV=7.2036
ROUTE_PAYMENT_MES_AV_SUCC=5.9702074023146565
ROUTE_PAYMENT_HOPS_AV=11.963300000000004
ROUTE_PAYMENT_HOPS_AV_SUCC=10.990718459951873
ROUTE_PAYMENT_SUCCESS_DIRECT=0.8727
ROUTE_PAYMENT_SUCCESS=0.8727
