ROUTE_PAYMENT_MES_AV=5.241999999999997
ROUTE_PAYMENT_MES_AV_SUCC=4.530169566174852
ROUTE_PAYMENT_HOPS_AV=31.239899999999974
ROUTE_PAYMENT_HOPS_AV_SUCC=26.180026425897374
ROUTE_PAYMENT_SUCCESS_DIRECT=0.9082
ROUTE_PAYMENT_SUCCESS=0.9082
