ROUTE_PAYMENT_MES_AV=6.375499999999999
ROUTE_PAYMENT_MES_AV_SUCC=4.959663416588756
ROUTE_PAYMENT_HOPS_AV=21.8493
ROUTE_PAYMENT_HOPS_AV_SUCC=20.4997996527314
ROUTE_PAYMENT_SUCCESS_DIRECT=0.7487
ROUTE_PAYMENT_SUCCESS=0.7487
