ROUTE_PAYMENT_MES_AV=5.230700000000001
ROUTE_PAYMENT_MES_AV_SUCC=4.55377049180328
ROUTE_PAYMENT_HOPS_AV=26.680200000000017
ROUTE_PAYMENT_HOPS_AV_SUCC=22.84131147540983
ROUTE_PAYMENT_SUCCESS_DIRECT=0.915
ROUTE_PAYMENT_SUCCESS=0.915
