ROUTE_PAYMENT_MES_AV=7.165599999999998
ROUTE_PAYMENT_MES_AV_SUCC=5.965061058344637
ROUTE_PAYMENT_HOPS_AV=4.477700000000002
ROUTE_PAYMENT_HOPS_AV_SUCC=4.2016056083220255
ROUTE_PAYMENT_SUCCESS_DIRECT=0.8844
ROUTE_PAYMENT_SUCCESS=0.8844
