ROUTE_PAYMENT_MES_AV=4.8709
ROUTE_PAYMENT_MES_AV_SUCC=4.484337611485753
ROUTE_PAYMENT_HOPS_AV=34.279299999999964
ROUTE_PAYMENT_HOPS_AV_SUCC=31.128453339134218
ROUTE_PAYMENT_SUCCESS_DIRECT=0.9194
ROUTE_PAYMENT_SUCCESS=0.9194
