ROUTE_PAYMENT_MES_AV=7.098299999999998
ROUTE_PAYMENT_MES_AV_SUCC=6.3326470906923795
ROUTE_PAYMENT_HOPS_AV=4.515499999999999
ROUTE_PAYMENT_HOPS_AV_SUCC=4.3409903564849905
ROUTE_PAYMENT_SUCCESS_DIRECT=0.9229
ROUTE_PAYMENT_SUCCESS=0.9229
