ROUTE_PAYMENT_MES_AV=5.176900000000002
ROUTE_PAYMENT_MES_AV_SUCC=4.555482093663911
ROUTE_PAYMENT_HOPS_AV=36.35600000000002
ROUTE_PAYMENT_HOPS_AV_SUCC=31.292121212121206
ROUTE_PAYMENT_SUCCESS_DIRECT=0.9075
ROUTE_PAYMENT_SUCCESS=0.9075
