ROUTE_PAYMENT_MES_AV=4.9471
ROUTE_PAYMENT_MES_AV_SUCC=4.425850935755718
ROUTE_PAYMENT_HOPS_AV=24.630599999999983
ROUTE_PAYMENT_HOPS_AV_SUCC=21.525336543723327
ROUTE_PAYMENT_SUCCESS_DIRECT=0.9137
ROUTE_PAYMENT_SUCCESS=0.9137
