ROUTE_PAYMENT_MES_AV=15.110000000000001
ROUTE_PAYMENT_MES_AV_SUCC=10.415584415584416
ROUTE_PAYMENT_HOPS_AV=7.240000000000001
ROUTE_PAYMENT_HOPS_AV_SUCC=5.012987012987013
ROUTE_PAYMENT_SUCCESS_DIRECT=0.77
ROUTE_PAYMENT_SUCCESS=0.77
ROUTE_PAYMENT_FEE_AV=0.0
ROUTE_PAYMENT_FEE_MED=0.0
ROUTE_PAYMENT_FEE_Q1=0.0
ROUTE_PAYMENT_FEE_Q3=0.0
