ROUTE_PAYMENT_MES_AV=6.074799999999998
ROUTE_PAYMENT_MES_AV_SUCC=4.712246018671057
ROUTE_PAYMENT_HOPS_AV=26.613399999999995
ROUTE_PAYMENT_HOPS_AV_SUCC=25.137836353651835
ROUTE_PAYMENT_SUCCESS_DIRECT=0.7284
ROUTE_PAYMENT_SUCCESS=0.7284
