ROUTE_PAYMENT_MES_AV=7.90945	7.870200000000003	7.329700000000003	8.671700000000001	0.17824803550000015	0.12503902750000018	0.2580615475000001	7.7244151852789855	8.094484814721014
ROUTE_PAYMENT_MES_AV_SUCC=6.423749862164499	6.420551433949725	5.994303585390373	6.713136146150501	0.04397087024633645	0.04303149291300479	0.045118998098186265	6.33184814968363	6.515651574645368
ROUTE_PAYMENT_HOPS_AV=4.707234999999999	4.692499999999998	4.5186	4.9062	0.014252099275	0.011542518497727068	0.017563809113889123	4.654913463050651	4.759556536949347
ROUTE_PAYMENT_HOPS_AV_SUCC=4.338292524066796	4.348466393533385	4.174243270412154	4.461939973901697	0.004496204777351317	0.005058279082697267	0.003934130472005365	4.308904924409226	4.367680123724367
ROUTE_PAYMENT_SUCCESS_DIRECT=0.9106350000000001	0.918	0.8805	0.9327	2.671142750000003E-4	2.8834582500000274E-4	2.458827249999981E-4	0.9034720878867601	0.91779791211324
ROUTE_PAYMENT_SUCCESS=0.9106350000000001	0.918	0.8805	0.9327	2.671142750000003E-4	2.8834582500000274E-4	2.458827249999981E-4	0.9034720878867601	0.91779791211324
