ROUTE_PAYMENT_MES_AV=9.262479999999998	9.247900000000001	8.757399999999997	9.859199999999998	0.11053099059999957	0.09598728876363559	0.12830662617777777	9.116772098105667	9.40818790189433
ROUTE_PAYMENT_MES_AV_SUCC=7.034694939398501	7.0269011898603235	6.875424339059768	7.295949835526316	0.013926856285617082	0.009753011230176134	0.019028222464489358	6.982973855154826	7.086416023642176
ROUTE_PAYMENT_HOPS_AV=5.056624999999999	5.059100000000002	4.889299999999999	5.1961	0.007512491875000015	0.007852231124999874	0.007172752625000153	5.018638167553084	5.094611832446914
ROUTE_PAYMENT_HOPS_AV_SUCC=4.4662374277128745	4.474266225713105	4.38016613680648	4.561737331954496	0.0026338628557048558	0.003467201299360084	0.0020783038932680373	4.443744931690339	4.48872992373541
ROUTE_PAYMENT_SUCCESS_DIRECT=0.970915	0.9723	0.9567	0.9764	1.7343275E-5	3.17737249999998E-5	7.72297500000014E-6	0.9690898161018681	0.9727401838981319
ROUTE_PAYMENT_SUCCESS=0.970915	0.9723	0.9567	0.9764	1.7343275E-5	3.17737249999998E-5	7.72297500000014E-6	0.9690898161018681	0.9727401838981319
