ROUTE_PAYMENT_MES_AV=5.744499999999997
ROUTE_PAYMENT_MES_AV_SUCC=4.804001721170396
ROUTE_PAYMENT_HOPS_AV=5.5017
ROUTE_PAYMENT_HOPS_AV_SUCC=4.7015920826161794
ROUTE_PAYMENT_SUCCESS_DIRECT=0.9296
ROUTE_PAYMENT_SUCCESS=0.9296
