ROUTE_PAYMENT_MES_AV=5.791600000000001
ROUTE_PAYMENT_MES_AV_SUCC=4.689133722186217
ROUTE_PAYMENT_HOPS_AV=33.06260000000003
ROUTE_PAYMENT_HOPS_AV_SUCC=26.732987686325348
ROUTE_PAYMENT_SUCCESS_DIRECT=0.9258
ROUTE_PAYMENT_SUCCESS=0.9258
