ROUTE_PAYMENT_MES_AV=6.4528000000000025
ROUTE_PAYMENT_MES_AV_SUCC=5.057585539057457
ROUTE_PAYMENT_HOPS_AV=4.161300000000001
ROUTE_PAYMENT_HOPS_AV_SUCC=3.989799870884441
ROUTE_PAYMENT_SUCCESS_DIRECT=0.7745
ROUTE_PAYMENT_SUCCESS=0.7745
