ROUTE_PAYMENT_MES_AV=6.378900000000002
ROUTE_PAYMENT_MES_AV_SUCC=5.175694532538374
ROUTE_PAYMENT_HOPS_AV=4.1767
ROUTE_PAYMENT_HOPS_AV_SUCC=4.06736014207789
ROUTE_PAYMENT_SUCCESS_DIRECT=0.7883
ROUTE_PAYMENT_SUCCESS=0.7883
