ROUTE_PAYMENT_MES_AV=5.237399999999999
ROUTE_PAYMENT_MES_AV_SUCC=4.540765391014975
ROUTE_PAYMENT_HOPS_AV=39.6926
ROUTE_PAYMENT_HOPS_AV_SUCC=33.82318358291742
ROUTE_PAYMENT_SUCCESS_DIRECT=0.9015
ROUTE_PAYMENT_SUCCESS=0.9015
