ROUTE_PAYMENT_MES_AV=5.6184
ROUTE_PAYMENT_MES_AV_SUCC=4.998421675654346
ROUTE_PAYMENT_HOPS_AV=10.226700000000003
ROUTE_PAYMENT_HOPS_AV_SUCC=11.404182559515984
ROUTE_PAYMENT_SUCCESS_DIRECT=0.7603
ROUTE_PAYMENT_SUCCESS=0.7603
