ROUTE_PAYMENT_MES_AV=5.953000000000004
ROUTE_PAYMENT_MES_AV_SUCC=4.807853684776763
ROUTE_PAYMENT_HOPS_AV=5.665100000000005
ROUTE_PAYMENT_HOPS_AV_SUCC=4.702958579881656
ROUTE_PAYMENT_SUCCESS_DIRECT=0.9295
ROUTE_PAYMENT_SUCCESS=0.9295
