ROUTE_PAYMENT_MES_AV=7.127399999999999
ROUTE_PAYMENT_MES_AV_SUCC=5.643130684538057
ROUTE_PAYMENT_HOPS_AV=14.093500000000006
ROUTE_PAYMENT_HOPS_AV_SUCC=13.203207276208714
ROUTE_PAYMENT_SUCCESS_DIRECT=0.8356
ROUTE_PAYMENT_SUCCESS=0.8356
