ROUTE_PAYMENT_MES_AV=6.134000000000001
ROUTE_PAYMENT_MES_AV_SUCC=4.843148122488569
ROUTE_PAYMENT_HOPS_AV=26.59860000000001
ROUTE_PAYMENT_HOPS_AV_SUCC=25.697104059858674
ROUTE_PAYMENT_SUCCESS_DIRECT=0.7217
ROUTE_PAYMENT_SUCCESS=0.7217
