ROUTE_PAYMENT_MES_AV=5.1522
ROUTE_PAYMENT_MES_AV_SUCC=4.53568252556692
ROUTE_PAYMENT_HOPS_AV=40.39890000000001
ROUTE_PAYMENT_HOPS_AV_SUCC=34.747220987105386
ROUTE_PAYMENT_SUCCESS_DIRECT=0.8996
ROUTE_PAYMENT_SUCCESS=0.8996
