ROUTE_PAYMENT_MES_AV=7.2028
ROUTE_PAYMENT_MES_AV_SUCC=6.190513305867946
ROUTE_PAYMENT_HOPS_AV=4.478900000000001
ROUTE_PAYMENT_HOPS_AV_SUCC=4.274356975837878
ROUTE_PAYMENT_SUCCESS_DIRECT=0.8981
ROUTE_PAYMENT_SUCCESS=0.8981
