ROUTE_PAYMENT_MES_AV=5.459599999999999
ROUTE_PAYMENT_MES_AV_SUCC=4.685169217503772
ROUTE_PAYMENT_HOPS_AV=5.2925999999999975
ROUTE_PAYMENT_HOPS_AV_SUCC=4.6176977796939
ROUTE_PAYMENT_SUCCESS_DIRECT=0.9278
ROUTE_PAYMENT_SUCCESS=0.9278
