ROUTE_PAYMENT_MES_AV=6.195100000000004
ROUTE_PAYMENT_MES_AV_SUCC=4.958403307066269
ROUTE_PAYMENT_HOPS_AV=4.116500000000002
ROUTE_PAYMENT_HOPS_AV_SUCC=3.9834646686474624
ROUTE_PAYMENT_SUCCESS_DIRECT=0.7741
ROUTE_PAYMENT_SUCCESS=0.7741
