ROUTE_PAYMENT_MES_AV=11.649999999999999
ROUTE_PAYMENT_MES_AV_SUCC=18.43243243243243
ROUTE_PAYMENT_HOPS_AV=2.7300000000000004
ROUTE_PAYMENT_HOPS_AV_SUCC=2.8378378378378377
ROUTE_PAYMENT_SUCCESS_DIRECT=0.37
ROUTE_PAYMENT_SUCCESS=0.37
ROUTE_PAYMENT_FEE_AV=0.26941001889122945
ROUTE_PAYMENT_FEE_MED=0.17454643391484984
ROUTE_PAYMENT_FEE_Q1=0.09088980922086437
ROUTE_PAYMENT_FEE_Q3=0.18476915114739798
