ROUTE_PAYMENT_MES_AV=11.530000000000001
ROUTE_PAYMENT_MES_AV_SUCC=13.910447761194032
ROUTE_PAYMENT_HOPS_AV=2.92
ROUTE_PAYMENT_HOPS_AV_SUCC=3.2686567164179103
ROUTE_PAYMENT_SUCCESS_DIRECT=0.67
ROUTE_PAYMENT_SUCCESS=0.67
ROUTE_PAYMENT_FEE_AV=1.3909047083811048
ROUTE_PAYMENT_FEE_MED=2.7818094167622096
ROUTE_PAYMENT_FEE_Q1=1.0832319315673844
ROUTE_PAYMENT_FEE_Q3=1.6985774851948254
