ROUTE_PAYMENT_MES_AV=4.645100000000001
ROUTE_PAYMENT_MES_AV_SUCC=4.355650382577987
ROUTE_PAYMENT_HOPS_AV=12.492
ROUTE_PAYMENT_HOPS_AV_SUCC=15.086668628605059
ROUTE_PAYMENT_SUCCESS_DIRECT=0.6796
ROUTE_PAYMENT_SUCCESS=0.6796
