ROUTE_PAYMENT_MES_AV=5.287000000000001
ROUTE_PAYMENT_MES_AV_SUCC=4.585810431856422
ROUTE_PAYMENT_HOPS_AV=3.817199999999998
ROUTE_PAYMENT_HOPS_AV_SUCC=3.951205832865957
ROUTE_PAYMENT_SUCCESS_DIRECT=0.7132
ROUTE_PAYMENT_SUCCESS=0.7132
