ROUTE_PAYMENT_MES_AV=5.824099999999997
ROUTE_PAYMENT_MES_AV_SUCC=4.613985404640015
ROUTE_PAYMENT_HOPS_AV=44.620200000000054
ROUTE_PAYMENT_HOPS_AV_SUCC=35.11000980285374
ROUTE_PAYMENT_SUCCESS_DIRECT=0.9181
ROUTE_PAYMENT_SUCCESS=0.9181
