ROUTE_PAYMENT_MES_AV=6.187500000000002
ROUTE_PAYMENT_MES_AV_SUCC=4.761964211402414
ROUTE_PAYMENT_HOPS_AV=27.526799999999998
ROUTE_PAYMENT_HOPS_AV_SUCC=25.99639339714244
ROUTE_PAYMENT_SUCCESS_DIRECT=0.7209
ROUTE_PAYMENT_SUCCESS=0.7209
