ROUTE_PAYMENT_MES_AV=7.855100000000001
ROUTE_PAYMENT_MES_AV_SUCC=6.2050584098899835
ROUTE_PAYMENT_HOPS_AV=4.658700000000002
ROUTE_PAYMENT_HOPS_AV_SUCC=4.2719745945332885
ROUTE_PAYMENT_SUCCESS_DIRECT=0.8817
ROUTE_PAYMENT_SUCCESS=0.8817
