ROUTE_PAYMENT_MES_AV=4.270999999999998
ROUTE_PAYMENT_MES_AV_SUCC=4.113577618975217
ROUTE_PAYMENT_HOPS_AV=13.94299999999999
ROUTE_PAYMENT_HOPS_AV_SUCC=17.44716436065075
ROUTE_PAYMENT_SUCCESS_DIRECT=0.6577
ROUTE_PAYMENT_SUCCESS=0.6577
