ROUTE_PAYMENT_MES_AV=6.0249000000000015
ROUTE_PAYMENT_MES_AV_SUCC=4.8775618844823
ROUTE_PAYMENT_HOPS_AV=25.01320000000002
ROUTE_PAYMENT_HOPS_AV_SUCC=24.033670481767373
ROUTE_PAYMENT_SUCCESS_DIRECT=0.7514
ROUTE_PAYMENT_SUCCESS=0.7514
