ROUTE_PAYMENT_MES_AV=4.442399999999998
ROUTE_PAYMENT_MES_AV_SUCC=3.9807567917205695
ROUTE_PAYMENT_HOPS_AV=3.4265000000000003
ROUTE_PAYMENT_HOPS_AV_SUCC=3.753234152652005
ROUTE_PAYMENT_SUCCESS_DIRECT=0.6184
ROUTE_PAYMENT_SUCCESS=0.6184
