TRANSACTION_STATS_RECOMPUTED=71.33333333333333	68.0	33.0	113.0	1072.2222222222224	740.2777777777776	1736.1111111111115	34.27909880748869	108.38756785917798
TRANSACTION_STATS_EQUALS_FLOW=0.0	0.0	0.0	0.0	0.0	0.0	0.0	0.0	0.0
