ROUTE_PAYMENT_MES_AV=5.587600000000005
ROUTE_PAYMENT_MES_AV_SUCC=4.796296296296295
ROUTE_PAYMENT_HOPS_AV=5.3899
ROUTE_PAYMENT_HOPS_AV_SUCC=4.718023255813954
ROUTE_PAYMENT_SUCCESS_DIRECT=0.9288
ROUTE_PAYMENT_SUCCESS=0.9288
