ROUTE_PAYMENT_MES_AV=6.819699999999998
ROUTE_PAYMENT_MES_AV_SUCC=6.028656239296722
ROUTE_PAYMENT_HOPS_AV=4.349800000000001
ROUTE_PAYMENT_HOPS_AV_SUCC=4.247973512958102
ROUTE_PAYMENT_SUCCESS_DIRECT=0.8759
ROUTE_PAYMENT_SUCCESS=0.8759
