ROUTE_PAYMENT_MES_AV=6.3968
ROUTE_PAYMENT_MES_AV_SUCC=5.050720906282184
ROUTE_PAYMENT_HOPS_AV=4.136999999999999
ROUTE_PAYMENT_HOPS_AV_SUCC=3.9900875386199792
ROUTE_PAYMENT_SUCCESS_DIRECT=0.7768
ROUTE_PAYMENT_SUCCESS=0.7768
