ROUTE_PAYMENT_MES_AV=5.628999999999998
ROUTE_PAYMENT_MES_AV_SUCC=4.703944516688338
ROUTE_PAYMENT_HOPS_AV=5.3786999999999985
ROUTE_PAYMENT_HOPS_AV_SUCC=4.604139575205896
ROUTE_PAYMENT_SUCCESS_DIRECT=0.9228
ROUTE_PAYMENT_SUCCESS=0.9228
