ROUTE_PAYMENT_MES_AV=8.0026
ROUTE_PAYMENT_MES_AV_SUCC=6.608194070080862
ROUTE_PAYMENT_HOPS_AV=8.179099999999998
ROUTE_PAYMENT_HOPS_AV_SUCC=7.397735849056603
ROUTE_PAYMENT_SUCCESS_DIRECT=0.9275
ROUTE_PAYMENT_SUCCESS=0.9275
