ROUTE_PAYMENT_MES_AV=17.29
ROUTE_PAYMENT_MES_AV_SUCC=15.172413793103448
ROUTE_PAYMENT_HOPS_AV=2.58
ROUTE_PAYMENT_HOPS_AV_SUCC=2.724137931034483
ROUTE_PAYMENT_SUCCESS_DIRECT=0.29
ROUTE_PAYMENT_SUCCESS=0.29
ROUTE_PAYMENT_FEE_AV=1.3091605709706742
ROUTE_PAYMENT_FEE_MED=0.5152797631623204
ROUTE_PAYMENT_FEE_Q1=0.16350998698547814
ROUTE_PAYMENT_FEE_Q3=0.9053570373056303
