ROUTE_PAYMENT_MES_AV=9.900000000000002
ROUTE_PAYMENT_MES_AV_SUCC=10.87323943661972
ROUTE_PAYMENT_HOPS_AV=3.0
ROUTE_PAYMENT_HOPS_AV_SUCC=3.478873239436619
ROUTE_PAYMENT_SUCCESS_DIRECT=0.71
ROUTE_PAYMENT_SUCCESS=0.71
ROUTE_PAYMENT_FEE_AV=0.35342541608685596
ROUTE_PAYMENT_FEE_MED=0.6494892584274382
ROUTE_PAYMENT_FEE_Q1=0.2678070496920298
ROUTE_PAYMENT_FEE_Q3=0.5506101793323711
