ROUTE_PAYMENT_MES_AV=5.634800000000001
ROUTE_PAYMENT_MES_AV_SUCC=4.728278209082208
ROUTE_PAYMENT_HOPS_AV=5.368100000000002
ROUTE_PAYMENT_HOPS_AV_SUCC=4.612145060087207
ROUTE_PAYMENT_SUCCESS_DIRECT=0.9403
ROUTE_PAYMENT_SUCCESS=0.9403
