ROUTE_PAYMENT_MES_AV=5.737499999999999
ROUTE_PAYMENT_MES_AV_SUCC=5.120020364006615
ROUTE_PAYMENT_HOPS_AV=10.066999999999998
ROUTE_PAYMENT_HOPS_AV_SUCC=11.06758304696449
ROUTE_PAYMENT_SUCCESS_DIRECT=0.7857
ROUTE_PAYMENT_SUCCESS=0.7857
