ROUTE_PAYMENT_MES_AV=7.1183000000000005
ROUTE_PAYMENT_MES_AV_SUCC=6.0284795590261835
ROUTE_PAYMENT_HOPS_AV=10.82130000000001
ROUTE_PAYMENT_HOPS_AV_SUCC=10.287207165824535
ROUTE_PAYMENT_SUCCESS_DIRECT=0.8708
ROUTE_PAYMENT_SUCCESS=0.8708
