ROUTE_PAYMENT_MES_AV=3.6935999999999996
ROUTE_PAYMENT_MES_AV_SUCC=3.8071840054218913
ROUTE_PAYMENT_HOPS_AV=17.86509999999999
ROUTE_PAYMENT_HOPS_AV_SUCC=23.900881057268723
ROUTE_PAYMENT_SUCCESS_DIRECT=0.5902
ROUTE_PAYMENT_SUCCESS=0.5902
