ROUTE_PAYMENT_MES_AV=4.0443999999999996
ROUTE_PAYMENT_MES_AV_SUCC=3.7074007220216605
ROUTE_PAYMENT_HOPS_AV=3.2142
ROUTE_PAYMENT_HOPS_AV_SUCC=3.654693140794224
ROUTE_PAYMENT_SUCCESS_DIRECT=0.554
ROUTE_PAYMENT_SUCCESS=0.554
