ROUTE_PAYMENT_MES_AV=6.178000000000003
ROUTE_PAYMENT_MES_AV_SUCC=4.896923734244814
ROUTE_PAYMENT_HOPS_AV=5.797699999999996
ROUTE_PAYMENT_HOPS_AV_SUCC=4.755928220465706
ROUTE_PAYMENT_SUCCESS_DIRECT=0.9362
ROUTE_PAYMENT_SUCCESS=0.9362
