ROUTE_PAYMENT_MES_AV=4.0281
ROUTE_PAYMENT_MES_AV_SUCC=3.712997347480106
ROUTE_PAYMENT_HOPS_AV=3.2201
ROUTE_PAYMENT_HOPS_AV_SUCC=3.6562334217506636
ROUTE_PAYMENT_SUCCESS_DIRECT=0.5655
ROUTE_PAYMENT_SUCCESS=0.5655
