ROUTE_PAYMENT_MES_AV=5.1659
ROUTE_PAYMENT_MES_AV_SUCC=4.5327913874546875
ROUTE_PAYMENT_HOPS_AV=29.118100000000013
ROUTE_PAYMENT_HOPS_AV_SUCC=25.282983631769763
ROUTE_PAYMENT_SUCCESS_DIRECT=0.9103
ROUTE_PAYMENT_SUCCESS=0.9103
