ROUTE_PAYMENT_MES_AV=5.922100000000003
ROUTE_PAYMENT_MES_AV_SUCC=4.8378988076055425
ROUTE_PAYMENT_HOPS_AV=5.5947
ROUTE_PAYMENT_HOPS_AV_SUCC=4.677946073692123
ROUTE_PAYMENT_SUCCESS_DIRECT=0.9309
ROUTE_PAYMENT_SUCCESS=0.9309
