ROUTE_PAYMENT_MES_AV=13.730000000000004
ROUTE_PAYMENT_MES_AV_SUCC=13.666666666666666
ROUTE_PAYMENT_HOPS_AV=5.109999999999999
ROUTE_PAYMENT_HOPS_AV_SUCC=4.320987654320987
ROUTE_PAYMENT_SUCCESS_DIRECT=0.81
ROUTE_PAYMENT_SUCCESS=0.81
ROUTE_PAYMENT_FEE_AV=0.0
ROUTE_PAYMENT_FEE_MED=0.0
ROUTE_PAYMENT_FEE_Q1=0.0
ROUTE_PAYMENT_FEE_Q3=0.0
