ROUTE_PAYMENT_MES_AV=5.630600000000002
ROUTE_PAYMENT_MES_AV_SUCC=4.665235129911961
ROUTE_PAYMENT_HOPS_AV=5.383100000000001
ROUTE_PAYMENT_HOPS_AV_SUCC=4.574404122825855
ROUTE_PAYMENT_SUCCESS_DIRECT=0.9314
ROUTE_PAYMENT_SUCCESS=0.9314
