ROUTE_PAYMENT_MES_AV=5.3016
ROUTE_PAYMENT_MES_AV_SUCC=4.588799302680323
ROUTE_PAYMENT_HOPS_AV=18.279400000000006
ROUTE_PAYMENT_HOPS_AV_SUCC=15.911200697319675
ROUTE_PAYMENT_SUCCESS_DIRECT=0.9178
ROUTE_PAYMENT_SUCCESS=0.9178
