ROUTE_PAYMENT_MES_AV=3.7048999999999994
ROUTE_PAYMENT_MES_AV_SUCC=3.812873724938446
ROUTE_PAYMENT_HOPS_AV=17.5768
ROUTE_PAYMENT_HOPS_AV_SUCC=23.950756243404857
ROUTE_PAYMENT_SUCCESS_DIRECT=0.5686
ROUTE_PAYMENT_SUCCESS=0.5686
