ROUTE_PAYMENT_MES_AV=5.988000000000002
ROUTE_PAYMENT_MES_AV_SUCC=4.893533638145
ROUTE_PAYMENT_HOPS_AV=35.337999999999994
ROUTE_PAYMENT_HOPS_AV_SUCC=28.768125408229928
ROUTE_PAYMENT_SUCCESS_DIRECT=0.9186
ROUTE_PAYMENT_SUCCESS=0.9186
