ROUTE_PAYMENT_MES_AV=6.0259
ROUTE_PAYMENT_MES_AV_SUCC=4.815741436701385
ROUTE_PAYMENT_HOPS_AV=5.6407
ROUTE_PAYMENT_HOPS_AV_SUCC=4.670031139267693
ROUTE_PAYMENT_SUCCESS_DIRECT=0.9313
ROUTE_PAYMENT_SUCCESS=0.9313
