ROUTE_PAYMENT_MES_AV=5.070400000000003
ROUTE_PAYMENT_MES_AV_SUCC=4.45875396596481
ROUTE_PAYMENT_HOPS_AV=3.7138999999999998
ROUTE_PAYMENT_HOPS_AV_SUCC=3.905249495240843
ROUTE_PAYMENT_SUCCESS_DIRECT=0.6934
ROUTE_PAYMENT_SUCCESS=0.6934
