ROUTE_PAYMENT_MES_AV=6.198200000000001
ROUTE_PAYMENT_MES_AV_SUCC=5.46177001806141
ROUTE_PAYMENT_HOPS_AV=4.1530000000000005
ROUTE_PAYMENT_HOPS_AV_SUCC=4.134978928356412
ROUTE_PAYMENT_SUCCESS_DIRECT=0.8305
ROUTE_PAYMENT_SUCCESS=0.8305
