ROUTE_PAYMENT_MES_AV=4.5316
ROUTE_PAYMENT_MES_AV_SUCC=4.079756516310285
ROUTE_PAYMENT_HOPS_AV=3.4776000000000007
ROUTE_PAYMENT_HOPS_AV_SUCC=3.790697674418605
ROUTE_PAYMENT_SUCCESS_DIRECT=0.6407
ROUTE_PAYMENT_SUCCESS=0.6407
