ROUTE_PAYMENT_MES_AV=5.9068
ROUTE_PAYMENT_MES_AV_SUCC=4.781641468682509
ROUTE_PAYMENT_HOPS_AV=13.475100000000005
ROUTE_PAYMENT_HOPS_AV_SUCC=10.805183585313173
ROUTE_PAYMENT_SUCCESS_DIRECT=0.926
ROUTE_PAYMENT_SUCCESS=0.926
