ROUTE_PAYMENT_MES_AV=6.2027
ROUTE_PAYMENT_MES_AV_SUCC=4.8064156206415625
ROUTE_PAYMENT_HOPS_AV=27.172400000000007
ROUTE_PAYMENT_HOPS_AV_SUCC=25.995676429567652
ROUTE_PAYMENT_SUCCESS_DIRECT=0.717
ROUTE_PAYMENT_SUCCESS=0.717
