ROUTE_PAYMENT_MES_AV=5.758900000000002
ROUTE_PAYMENT_MES_AV_SUCC=4.722036096401169
ROUTE_PAYMENT_HOPS_AV=5.503200000000005
ROUTE_PAYMENT_HOPS_AV_SUCC=4.631254728196262
ROUTE_PAYMENT_SUCCESS_DIRECT=0.9253
ROUTE_PAYMENT_SUCCESS=0.9253
