ROUTE_PAYMENT_MES_AV=8.671700000000001
ROUTE_PAYMENT_MES_AV_SUCC=6.579770824151613
ROUTE_PAYMENT_HOPS_AV=4.891500000000002
ROUTE_PAYMENT_HOPS_AV_SUCC=4.373512560599385
ROUTE_PAYMENT_SUCCESS_DIRECT=0.9076
ROUTE_PAYMENT_SUCCESS=0.9076
