ROUTE_PAYMENT_MES_AV=9.210955000000002	9.108999999999996	8.684599999999998	10.105600000000004	0.17699801647499996	0.10400331810833392	0.28649006402499905	9.026570133472084	9.39533986652792
ROUTE_PAYMENT_MES_AV_SUCC=7.125763940271502	7.154754505904284	6.844757855439176	7.399668839904792	0.02654337369270418	0.027735969248178165	0.025350778137230183	7.054360500446136	7.197167380096867
ROUTE_PAYMENT_HOPS_AV=5.064010000000001	5.0506	4.918399999999999	5.297399999999996	0.011293671899999854	0.007037066766666679	0.017678579599999616	5.017434378709974	5.110585621290027
ROUTE_PAYMENT_HOPS_AV_SUCC=4.502911182476337	4.501026694045174	4.424883840991224	4.611019736842106	0.002612480829841608	0.002252559143640215	0.003052385112976643	4.480510170941231	4.525312194011444
ROUTE_PAYMENT_SUCCESS_DIRECT=0.9706199999999999	0.971	0.9643	0.976	1.0279599999999897E-5	1.3087066666666062E-5	7.982581818182128E-6	0.9692148289897666	0.9720251710102332
ROUTE_PAYMENT_SUCCESS=0.9706199999999999	0.971	0.9643	0.976	1.0279599999999897E-5	1.3087066666666062E-5	7.982581818182128E-6	0.9692148289897666	0.9720251710102332
