ROUTE_PAYMENT_MES_AV=5.780400000000004
ROUTE_PAYMENT_MES_AV_SUCC=4.757966535223275
ROUTE_PAYMENT_HOPS_AV=10.26810000000001
ROUTE_PAYMENT_HOPS_AV_SUCC=8.546946605563251
ROUTE_PAYMENT_SUCCESS_DIRECT=0.9383
ROUTE_PAYMENT_SUCCESS=0.9383
