ROUTE_PAYMENT_MES_AV=7.620399999999998
ROUTE_PAYMENT_MES_AV_SUCC=6.164358475449239
ROUTE_PAYMENT_HOPS_AV=4.601299999999999
ROUTE_PAYMENT_HOPS_AV_SUCC=4.312235321048413
ROUTE_PAYMENT_SUCCESS_DIRECT=0.8737
ROUTE_PAYMENT_SUCCESS=0.8737
