ROUTE_PAYMENT_MES_AV=5.976900000000005
ROUTE_PAYMENT_MES_AV_SUCC=4.81780115954477
ROUTE_PAYMENT_HOPS_AV=5.6453000000000015
ROUTE_PAYMENT_HOPS_AV_SUCC=4.680051535323168
ROUTE_PAYMENT_SUCCESS_DIRECT=0.9314
ROUTE_PAYMENT_SUCCESS=0.9314
