ROUTE_PAYMENT_MES_AV=22.23260000000001
ROUTE_PAYMENT_MES_AV_SUCC=22.23260000000001
ROUTE_PAYMENT_HOPS_AV=3.8455999999999992
ROUTE_PAYMENT_HOPS_AV_SUCC=3.8455999999999992
ROUTE_PAYMENT_SUCCESS_DIRECT=1.0
ROUTE_PAYMENT_SUCCESS=1.0
ROUTE_PAYMENT_FEE_AV=2.555823312334783E-4
ROUTE_PAYMENT_FEE_MED=3.175842113931151E-4
ROUTE_PAYMENT_FEE_Q1=6.0724607118758455E-5
ROUTE_PAYMENT_FEE_Q3=3.3690749402239147E-4
