ROUTE_PAYMENT_MES_AV=6.4266999999999985
ROUTE_PAYMENT_MES_AV_SUCC=5.634382856458757
ROUTE_PAYMENT_HOPS_AV=4.2520000000000024
ROUTE_PAYMENT_HOPS_AV_SUCC=4.177780438165927
ROUTE_PAYMENT_SUCCESS_DIRECT=0.8353
ROUTE_PAYMENT_SUCCESS=0.8353
