ROUTE_PAYMENT_MES_AV=5.840900000000002
ROUTE_PAYMENT_MES_AV_SUCC=4.820889080707814
ROUTE_PAYMENT_HOPS_AV=8.812499999999995
ROUTE_PAYMENT_HOPS_AV_SUCC=7.276003452740612
ROUTE_PAYMENT_SUCCESS_DIRECT=0.9268
ROUTE_PAYMENT_SUCCESS=0.9268
