ROUTE_PAYMENT_MES_AV=5.980899999999997
ROUTE_PAYMENT_MES_AV_SUCC=4.772111039380246
ROUTE_PAYMENT_HOPS_AV=5.650399999999999
ROUTE_PAYMENT_HOPS_AV_SUCC=4.659672907251991
ROUTE_PAYMENT_SUCCESS_DIRECT=0.9294
ROUTE_PAYMENT_SUCCESS=0.9294
