ROUTE_PAYMENT_MES_AV=5.709500000000004
ROUTE_PAYMENT_MES_AV_SUCC=4.657718844329452
ROUTE_PAYMENT_HOPS_AV=5.411300000000003
ROUTE_PAYMENT_HOPS_AV_SUCC=4.534605433376457
ROUTE_PAYMENT_SUCCESS_DIRECT=0.9276
ROUTE_PAYMENT_SUCCESS=0.9276
