ROUTE_PAYMENT_MES_AV=5.8232000000000035
ROUTE_PAYMENT_MES_AV_SUCC=4.739466895958727
ROUTE_PAYMENT_HOPS_AV=5.516400000000004
ROUTE_PAYMENT_HOPS_AV_SUCC=4.657244196044711
ROUTE_PAYMENT_SUCCESS_DIRECT=0.9304
ROUTE_PAYMENT_SUCCESS=0.9304
