ROUTE_PAYMENT_MES_AV=6.934699999999997
ROUTE_PAYMENT_MES_AV_SUCC=5.879496825770044
ROUTE_PAYMENT_HOPS_AV=4.428300000000001
ROUTE_PAYMENT_HOPS_AV_SUCC=4.240771220315071
ROUTE_PAYMENT_SUCCESS_DIRECT=0.8506
ROUTE_PAYMENT_SUCCESS=0.8506
