ROUTE_PAYMENT_MES_AV=3.9271
ROUTE_PAYMENT_MES_AV_SUCC=3.9227629000653166
ROUTE_PAYMENT_HOPS_AV=15.722299999999997
ROUTE_PAYMENT_HOPS_AV_SUCC=20.595689092096674
ROUTE_PAYMENT_SUCCESS_DIRECT=0.6124
ROUTE_PAYMENT_SUCCESS=0.6124
