ROUTE_PAYMENT_MES_AV=5.178500000000004
ROUTE_PAYMENT_MES_AV_SUCC=4.53031136538673
ROUTE_PAYMENT_HOPS_AV=5.106600000000004
ROUTE_PAYMENT_HOPS_AV_SUCC=4.52646055671691
ROUTE_PAYMENT_SUCCESS_DIRECT=0.9089
ROUTE_PAYMENT_SUCCESS=0.9089
