ROUTE_PAYMENT_MES_AV=6.101900000000003
ROUTE_PAYMENT_MES_AV_SUCC=4.875388406728806
ROUTE_PAYMENT_HOPS_AV=5.7728
ROUTE_PAYMENT_HOPS_AV_SUCC=4.759455694846243
ROUTE_PAYMENT_SUCCESS_DIRECT=0.9333
ROUTE_PAYMENT_SUCCESS=0.9333
