ROUTE_PAYMENT_MES_AV=6.5821
ROUTE_PAYMENT_MES_AV_SUCC=5.75402167712493
ROUTE_PAYMENT_HOPS_AV=4.261599999999998
ROUTE_PAYMENT_HOPS_AV_SUCC=4.123331431831146
ROUTE_PAYMENT_SUCCESS_DIRECT=0.8765
ROUTE_PAYMENT_SUCCESS=0.8765
