ROUTE_PAYMENT_MES_AV=5.214500000000002
ROUTE_PAYMENT_MES_AV_SUCC=4.613932435416206
ROUTE_PAYMENT_HOPS_AV=5.148299999999999
ROUTE_PAYMENT_HOPS_AV_SUCC=4.6095164495473595
ROUTE_PAYMENT_SUCCESS_DIRECT=0.9058
ROUTE_PAYMENT_SUCCESS=0.9058
