ROUTE_PAYMENT_MES_AV=5.855699999999997
ROUTE_PAYMENT_MES_AV_SUCC=4.7384598792062125
ROUTE_PAYMENT_HOPS_AV=5.582299999999998
ROUTE_PAYMENT_HOPS_AV_SUCC=4.642471958584986
ROUTE_PAYMENT_SUCCESS_DIRECT=0.9272
ROUTE_PAYMENT_SUCCESS=0.9272
