ROUTE_PAYMENT_MES_AV=5.370699999999999
ROUTE_PAYMENT_MES_AV_SUCC=4.607585307541838
ROUTE_PAYMENT_HOPS_AV=5.219499999999997
ROUTE_PAYMENT_HOPS_AV_SUCC=4.559117583134099
ROUTE_PAYMENT_SUCCESS_DIRECT=0.9202
ROUTE_PAYMENT_SUCCESS=0.9202
