ROUTE_PAYMENT_MES_AV=10.710000000000003
ROUTE_PAYMENT_MES_AV_SUCC=13.34920634920635
ROUTE_PAYMENT_HOPS_AV=2.79
ROUTE_PAYMENT_HOPS_AV_SUCC=3.2222222222222223
ROUTE_PAYMENT_SUCCESS_DIRECT=0.63
ROUTE_PAYMENT_SUCCESS=0.63
ROUTE_PAYMENT_FEE_AV=1.389421471279812
ROUTE_PAYMENT_FEE_MED=2.778842942559624
ROUTE_PAYMENT_FEE_Q1=1.080265457364799
ROUTE_PAYMENT_FEE_Q3=1.6985774851948254
