ROUTE_PAYMENT_MES_AV=10.81
ROUTE_PAYMENT_MES_AV_SUCC=17.371428571428574
ROUTE_PAYMENT_HOPS_AV=2.6500000000000004
ROUTE_PAYMENT_HOPS_AV_SUCC=2.742857142857143
ROUTE_PAYMENT_SUCCESS_DIRECT=0.35
ROUTE_PAYMENT_SUCCESS=0.35
ROUTE_PAYMENT_FEE_AV=0.3721426535040912
ROUTE_PAYMENT_FEE_MED=0.2857601320020805
ROUTE_PAYMENT_FEE_Q1=0.046558277520218974
ROUTE_PAYMENT_FEE_Q3=0.57725444663762
