ROUTE_PAYMENT_MES_AV=5.325899999999998
ROUTE_PAYMENT_MES_AV_SUCC=4.495515204550427
ROUTE_PAYMENT_HOPS_AV=14.248000000000003
ROUTE_PAYMENT_HOPS_AV_SUCC=11.760993218114203
ROUTE_PAYMENT_SUCCESS_DIRECT=0.9142
ROUTE_PAYMENT_SUCCESS=0.9142
