ROUTE_PAYMENT_MES_AV=5.1942
ROUTE_PAYMENT_MES_AV_SUCC=4.5309227207584595
ROUTE_PAYMENT_HOPS_AV=18.834499999999988
ROUTE_PAYMENT_HOPS_AV_SUCC=16.37250578767501
ROUTE_PAYMENT_SUCCESS_DIRECT=0.9071
ROUTE_PAYMENT_SUCCESS=0.9071
