ROUTE_PAYMENT_MES_AV=5.7914
ROUTE_PAYMENT_MES_AV_SUCC=4.729268557765462
ROUTE_PAYMENT_HOPS_AV=38.24329999999998
ROUTE_PAYMENT_HOPS_AV_SUCC=31.03771329203348
ROUTE_PAYMENT_SUCCESS_DIRECT=0.9201
ROUTE_PAYMENT_SUCCESS=0.9201
