ROUTE_PAYMENT_MES_AV=5.437700000000001
ROUTE_PAYMENT_MES_AV_SUCC=4.577274227257728
ROUTE_PAYMENT_HOPS_AV=5.2841999999999985
ROUTE_PAYMENT_HOPS_AV_SUCC=4.529094709052911
ROUTE_PAYMENT_SUCCESS_DIRECT=0.9091
ROUTE_PAYMENT_SUCCESS=0.9091
