ROUTE_PAYMENT_MES_AV=5.500899999999998
ROUTE_PAYMENT_MES_AV_SUCC=4.676156583629893
ROUTE_PAYMENT_HOPS_AV=5.3153
ROUTE_PAYMENT_HOPS_AV_SUCC=4.60476652647471
ROUTE_PAYMENT_SUCCESS_DIRECT=0.9273
ROUTE_PAYMENT_SUCCESS=0.9273
