ROUTE_PAYMENT_MES_AV=5.781700000000003
ROUTE_PAYMENT_MES_AV_SUCC=4.81315732989912
ROUTE_PAYMENT_HOPS_AV=25.544200000000004
ROUTE_PAYMENT_HOPS_AV_SUCC=21.159261644129653
ROUTE_PAYMENT_SUCCESS_DIRECT=0.9318
ROUTE_PAYMENT_SUCCESS=0.9318
