ROUTE_PAYMENT_MES_AV=4.050624999999999	4.037399999999999	3.7963	4.3225999999999996	0.01568820387499994	0.01197067145833322	0.021264502500000025	3.995730645096148	4.1055193549038504
ROUTE_PAYMENT_MES_AV_SUCC=3.977019673942215	3.9841350210970465	3.8197567882725303	4.139849624060149	0.0063398719830520395	0.007134823412416207	0.005689457177208628	3.942123218384313	4.011916129500117
ROUTE_PAYMENT_HOPS_AV=15.527049999999997	15.601000000000004	13.498399999999993	17.077299999999994	0.6500078475000031	0.9670288875000039	0.43866048750000247	15.173703842036167	15.880396157963828
ROUTE_PAYMENT_HOPS_AV_SUCC=20.156329301654306	20.403534370946833	16.616090225563912	22.624021322672004	1.8655144420673377	2.888184582235212	1.183734348622088	19.557724244849492	20.75493435845912
ROUTE_PAYMENT_SUCCESS_DIRECT=0.6185449999999999	0.6164	0.5925	0.665	2.862864749999999E-4	1.1833509642856987E-4	6.781730250000035E-4	0.6111294820735163	0.6259605179264836
ROUTE_PAYMENT_SUCCESS=0.6185449999999999	0.6164	0.5925	0.665	2.862864749999999E-4	1.1833509642856987E-4	6.781730250000035E-4	0.6111294820735163	0.6259605179264836
