ROUTE_PAYMENT_MES_AV=6.932999999999998
ROUTE_PAYMENT_MES_AV_SUCC=5.762136484764224
ROUTE_PAYMENT_HOPS_AV=12.699200000000001
ROUTE_PAYMENT_HOPS_AV_SUCC=11.796315606534586
ROUTE_PAYMENT_SUCCESS_DIRECT=0.8631
ROUTE_PAYMENT_SUCCESS=0.8631
