ROUTE_PAYMENT_MES_AV=5.952699999999998
ROUTE_PAYMENT_MES_AV_SUCC=4.733508656585581
ROUTE_PAYMENT_HOPS_AV=24.60030000000001
ROUTE_PAYMENT_HOPS_AV_SUCC=19.871794871794865
ROUTE_PAYMENT_SUCCESS_DIRECT=0.9126
ROUTE_PAYMENT_SUCCESS=0.9126
