ROUTE_PAYMENT_MES_AV=7.167500000000003
ROUTE_PAYMENT_MES_AV_SUCC=6.393564356435644
ROUTE_PAYMENT_HOPS_AV=6.183799999999999
ROUTE_PAYMENT_HOPS_AV_SUCC=5.944468359879466
ROUTE_PAYMENT_SUCCESS_DIRECT=0.9292
ROUTE_PAYMENT_SUCCESS=0.9292
