ROUTE_PAYMENT_MES_AV=5.2399499999999986	5.242399999999997	5.0295000000000005	5.4323000000000015	0.007723991500000034	0.007471428499999858	0.007976554500000212	5.201432156247784	5.278467843752213
ROUTE_PAYMENT_MES_AV_SUCC=4.563915900373785	4.556260251503552	4.4269121192198115	4.676884201274445	0.00384044259232767	0.0031713536676689982	0.004844075979315674	4.536755778630054	4.591076022117516
ROUTE_PAYMENT_HOPS_AV=18.992519999999995	19.37930000000001	16.710300000000004	20.928999999999995	1.6899807235999915	2.075392345733322	1.3746439418545393	18.422773128671082	19.56226687132891
ROUTE_PAYMENT_HOPS_AV_SUCC=16.369824898485753	16.54011976047904	14.142606598706568	18.56070567609028	1.6882713186662208	2.2450534439703143	1.3170832351301585	15.800366247757355	16.93928354921415
ROUTE_PAYMENT_SUCCESS_DIRECT=0.9156149999999998	0.9163	0.9071	0.9228	2.1155274999999975E-5	2.6502780555554367E-5	1.678004318181911E-5	0.913599186213461	0.9176308137865387
ROUTE_PAYMENT_SUCCESS=0.9156149999999998	0.9163	0.9071	0.9228	2.1155274999999975E-5	2.6502780555554367E-5	1.678004318181911E-5	0.913599186213461	0.9176308137865387
