ROUTE_PAYMENT_MES_AV=5.207500000000002
ROUTE_PAYMENT_MES_AV_SUCC=4.5276359600443925
ROUTE_PAYMENT_HOPS_AV=5.144000000000001
ROUTE_PAYMENT_HOPS_AV_SUCC=4.525194228634847
ROUTE_PAYMENT_SUCCESS_DIRECT=0.901
ROUTE_PAYMENT_SUCCESS=0.901
