ROUTE_PAYMENT_MES_AV=3.4807999999999995
ROUTE_PAYMENT_MES_AV_SUCC=3.705334765485141
ROUTE_PAYMENT_HOPS_AV=19.320799999999995
ROUTE_PAYMENT_HOPS_AV_SUCC=26.70748299319728
ROUTE_PAYMENT_SUCCESS_DIRECT=0.5586
ROUTE_PAYMENT_SUCCESS=0.5586
