ROUTE_PAYMENT_MES_AV=5.169199999999996
ROUTE_PAYMENT_MES_AV_SUCC=4.491040209790211
ROUTE_PAYMENT_HOPS_AV=5.1092999999999975
ROUTE_PAYMENT_HOPS_AV_SUCC=4.489073426573426
ROUTE_PAYMENT_SUCCESS_DIRECT=0.9152
ROUTE_PAYMENT_SUCCESS=0.9152
