ROUTE_PAYMENT_MES_AV=5.144899999999997
ROUTE_PAYMENT_MES_AV_SUCC=4.503233585443385
ROUTE_PAYMENT_HOPS_AV=16.710300000000004
ROUTE_PAYMENT_HOPS_AV_SUCC=14.142606598706568
ROUTE_PAYMENT_SUCCESS_DIRECT=0.9123
ROUTE_PAYMENT_SUCCESS=0.9123
