ROUTE_PAYMENT_MES_AV=6.5581999999999985
ROUTE_PAYMENT_MES_AV_SUCC=5.245354126055882
ROUTE_PAYMENT_HOPS_AV=22.352899999999998
ROUTE_PAYMENT_HOPS_AV_SUCC=20.98076673164393
ROUTE_PAYMENT_SUCCESS_DIRECT=0.7695
ROUTE_PAYMENT_SUCCESS=0.7695
