ROUTE_PAYMENT_MES_AV=5.558900000000003
ROUTE_PAYMENT_MES_AV_SUCC=4.6282575920740925
ROUTE_PAYMENT_HOPS_AV=28.681300000000007
ROUTE_PAYMENT_HOPS_AV_SUCC=23.736592720223967
ROUTE_PAYMENT_SUCCESS_DIRECT=0.9286
ROUTE_PAYMENT_SUCCESS=0.9286
