ROUTE_PAYMENT_MES_AV=5.829670000000002	5.7913000000000014	5.576800000000004	6.091899999999994	0.018891158099999715	0.01548384999090901	0.023055645788888343	5.7694320248692925	5.889907975130711
ROUTE_PAYMENT_MES_AV_SUCC=4.7298908022539035	4.719750698474102	4.587895637296836	4.858293075684382	0.006281647768730736	0.00575391977110872	0.0069266486547131965	4.695154957605791	4.764626646902016
ROUTE_PAYMENT_HOPS_AV=5.53692	5.5032000000000005	5.304200000000002	5.746099999999998	0.013583138600000008	0.01123120730909102	0.016457721288888772	5.485841146623207	5.587998853376794
ROUTE_PAYMENT_HOPS_AV_SUCC=4.634952009502592	4.633247367289919	4.503742514970062	4.766827697262479	0.005457889171653676	0.004884098073440173	0.006159189402803513	4.602573755193701	4.667330263811483
ROUTE_PAYMENT_SUCCESS_DIRECT=0.926005	0.9255	0.9194	0.9352	1.8294475000000038E-5	1.2641274999999743E-5	2.677427500000047E-5	0.9241304326477824	0.9278795673522175
ROUTE_PAYMENT_SUCCESS=0.926005	0.9255	0.9194	0.9352	1.8294475000000038E-5	1.2641274999999743E-5	2.677427500000047E-5	0.9241304326477824	0.9278795673522175
