ROUTE_PAYMENT_MES_AV=6.512100000000002
ROUTE_PAYMENT_MES_AV_SUCC=5.117555063208654
ROUTE_PAYMENT_HOPS_AV=4.188
ROUTE_PAYMENT_HOPS_AV_SUCC=4.0315391632998825
ROUTE_PAYMENT_SUCCESS_DIRECT=0.7673
ROUTE_PAYMENT_SUCCESS=0.7673
