ROUTE_PAYMENT_MES_AV=5.6185
ROUTE_PAYMENT_MES_AV_SUCC=4.514304433282377
ROUTE_PAYMENT_HOPS_AV=43.76000000000003
ROUTE_PAYMENT_HOPS_AV_SUCC=34.884690980563434
ROUTE_PAYMENT_SUCCESS_DIRECT=0.9158
ROUTE_PAYMENT_SUCCESS=0.9158
