ROUTE_PAYMENT_MES_AV=7.5719
ROUTE_PAYMENT_MES_AV_SUCC=6.45378244064053
ROUTE_PAYMENT_HOPS_AV=9.022799999999997
ROUTE_PAYMENT_HOPS_AV_SUCC=8.558807288790724
ROUTE_PAYMENT_SUCCESS_DIRECT=0.9055
ROUTE_PAYMENT_SUCCESS=0.9055
