ROUTE_PAYMENT_MES_AV=5.174299999999997
ROUTE_PAYMENT_MES_AV_SUCC=4.558625921109665
ROUTE_PAYMENT_HOPS_AV=20.47649999999998
ROUTE_PAYMENT_HOPS_AV_SUCC=18.053857824013875
ROUTE_PAYMENT_SUCCESS_DIRECT=0.9228
ROUTE_PAYMENT_SUCCESS=0.9228
