ROUTE_PAYMENT_MES_AV=5.965800000000002
ROUTE_PAYMENT_MES_AV_SUCC=4.861810038203135
ROUTE_PAYMENT_HOPS_AV=23.181100000000004
ROUTE_PAYMENT_HOPS_AV_SUCC=22.415755499934132
ROUTE_PAYMENT_SUCCESS_DIRECT=0.7591
ROUTE_PAYMENT_SUCCESS=0.7591
