ROUTE_PAYMENT_MES_AV=8.5306
ROUTE_PAYMENT_MES_AV_SUCC=6.628361858190706
ROUTE_PAYMENT_HOPS_AV=4.904299999999999
ROUTE_PAYMENT_HOPS_AV_SUCC=4.3868395875411945
ROUTE_PAYMENT_SUCCESS_DIRECT=0.9407
ROUTE_PAYMENT_SUCCESS=0.9407
