ROUTE_PAYMENT_MES_AV=6.6166
ROUTE_PAYMENT_MES_AV_SUCC=5.854648473635521
ROUTE_PAYMENT_HOPS_AV=7.849100000000002
ROUTE_PAYMENT_HOPS_AV_SUCC=7.9722479185938955
ROUTE_PAYMENT_SUCCESS_DIRECT=0.8648
ROUTE_PAYMENT_SUCCESS=0.8648
