ROUTE_PAYMENT_MES_AV=4.0031
ROUTE_PAYMENT_MES_AV_SUCC=3.68921066572488
ROUTE_PAYMENT_HOPS_AV=3.2001000000000004
ROUTE_PAYMENT_HOPS_AV_SUCC=3.6323503443404555
ROUTE_PAYMENT_SUCCESS_DIRECT=0.5663
ROUTE_PAYMENT_SUCCESS=0.5663
