ROUTE_PAYMENT_MES_AV=5.673300000000001
ROUTE_PAYMENT_MES_AV_SUCC=4.664535702676345
ROUTE_PAYMENT_HOPS_AV=12.341399999999998
ROUTE_PAYMENT_HOPS_AV_SUCC=10.685664752410878
ROUTE_PAYMENT_SUCCESS_DIRECT=0.9229
ROUTE_PAYMENT_SUCCESS=0.9229
