ROUTE_PAYMENT_MES_AV=6.51293	6.5615000000000006	6.1709000000000005	6.833999999999996	0.02486499709999998	0.0269571164555555	0.023153263081818188	6.4438208931980165	6.582039106801983
ROUTE_PAYMENT_MES_AV_SUCC=5.161500313004716	5.169270497094899	4.9460645161290335	5.307039310434893	0.0125117692754447	0.015003176001359024	0.010473345590605709	5.112477250652111	5.210523375357321
ROUTE_PAYMENT_HOPS_AV=4.20134	4.197400000000001	4.105899999999997	4.3421	0.003836631400000052	0.0027513406909091985	0.005163097822222205	4.174193358231412	4.228486641768588
ROUTE_PAYMENT_HOPS_AV_SUCC=4.043584574212556	4.046364201367309	3.967741935483871	4.147459402828708	0.0025081296421972663	0.0022665530063299003	0.002749706278064631	4.021635507223883	4.065533641201228
ROUTE_PAYMENT_SUCCESS_DIRECT=0.77851	0.7764	0.7588	0.8045	1.1445789999999997E-4	8.341543333333387E-5	1.610215999999991E-4	0.7738211756876591	0.783198824312341
ROUTE_PAYMENT_SUCCESS=0.77851	0.7764	0.7588	0.8045	1.1445789999999997E-4	8.341543333333387E-5	1.610215999999991E-4	0.7738211756876591	0.783198824312341
