ROUTE_PAYMENT_MES_AV=5.695195	5.6838	5.2718	5.928899999999998	0.022215778474999844	0.023721646297727217	0.02037527335833304	5.6298711396618515	5.7605188603381485
ROUTE_PAYMENT_MES_AV_SUCC=4.706796120387902	4.713120104438641	4.521293976690992	4.798803697661773	0.004264048927744119	0.006761509673354742	0.0025990750973370357	4.678177271388666	4.735414969387138
ROUTE_PAYMENT_HOPS_AV=40.22175	40.45290000000004	36.31939999999999	43.06819999999998	2.8474107785000076	3.0297685384999795	2.6650530185000347	39.48220239346322	40.96129760653678
ROUTE_PAYMENT_HOPS_AV_SUCC=32.941032476854055	33.17807179264722	30.48796427404422	34.23694516971277	0.9541282887243703	1.335860249914929	0.6418021386593682	32.51293323403976	33.36913171966835
ROUTE_PAYMENT_SUCCESS_DIRECT=0.9233699999999999	0.9234	0.9181	0.9299	9.493099999999938E-6	9.035699999999538E-6	9.950500000000334E-6	0.9220196538784444	0.9247203461215554
ROUTE_PAYMENT_SUCCESS=0.9233699999999999	0.9234	0.9181	0.9299	9.493099999999938E-6	9.035699999999538E-6	9.950500000000334E-6	0.9220196538784444	0.9247203461215554
