ROUTE_PAYMENT_MES_AV=6.170700000000002
ROUTE_PAYMENT_MES_AV_SUCC=4.791321201679764
ROUTE_PAYMENT_HOPS_AV=5.836799999999999
ROUTE_PAYMENT_HOPS_AV_SUCC=4.661139226876277
ROUTE_PAYMENT_SUCCESS_DIRECT=0.9287
ROUTE_PAYMENT_SUCCESS=0.9287
