ROUTE_PAYMENT_MES_AV=6.152699999999998
ROUTE_PAYMENT_MES_AV_SUCC=4.973431540181506
ROUTE_PAYMENT_HOPS_AV=22.435400000000005
ROUTE_PAYMENT_HOPS_AV_SUCC=21.482572668683407
ROUTE_PAYMENT_SUCCESS_DIRECT=0.7603
ROUTE_PAYMENT_SUCCESS=0.7603
