ROUTE_PAYMENT_MES_AV=5.7875
ROUTE_PAYMENT_MES_AV_SUCC=4.6935362037336805
ROUTE_PAYMENT_HOPS_AV=44.940599999999996
ROUTE_PAYMENT_HOPS_AV_SUCC=36.07607640012949
ROUTE_PAYMENT_SUCCESS_DIRECT=0.9267
ROUTE_PAYMENT_SUCCESS=0.9267
