ROUTE_PAYMENT_MES_AV=5.932399999999997
ROUTE_PAYMENT_MES_AV_SUCC=4.844907657414409
ROUTE_PAYMENT_HOPS_AV=32.56669999999999
ROUTE_PAYMENT_HOPS_AV_SUCC=26.651150232206504
ROUTE_PAYMENT_SUCCESS_DIRECT=0.9259
ROUTE_PAYMENT_SUCCESS=0.9259
