ROUTE_PAYMENT_MES_AV=6.763299999999999
ROUTE_PAYMENT_MES_AV_SUCC=5.80333141872487
ROUTE_PAYMENT_HOPS_AV=4.321000000000002
ROUTE_PAYMENT_HOPS_AV_SUCC=4.163469270534174
ROUTE_PAYMENT_SUCCESS_DIRECT=0.8705
ROUTE_PAYMENT_SUCCESS=0.8705
