ROUTE_PAYMENT_MES_AV=7.1333
ROUTE_PAYMENT_MES_AV_SUCC=5.59309762278267
ROUTE_PAYMENT_HOPS_AV=4.471900000000001
ROUTE_PAYMENT_HOPS_AV_SUCC=4.1596476408833105
ROUTE_PAYMENT_SUCCESS_DIRECT=0.8287
ROUTE_PAYMENT_SUCCESS=0.8287
