ROUTE_PAYMENT_MES_AV=6.72246	6.676999999999994	6.281900000000002	7.229200000000003	0.0801654234000003	0.06752908978181828	0.09560983115555609	6.598370618799705	6.846549381200295
ROUTE_PAYMENT_MES_AV_SUCC=5.399356131997871	5.365243004418261	5.08850353243417	5.832680669277323	0.03433986968187779	0.025650026725662852	0.04496078885058495	5.318140356630674	5.480571907365069
ROUTE_PAYMENT_HOPS_AV=18.417574999999992	18.543299999999984	16.376500000000004	20.101999999999997	1.2410395858749999	1.2873581676249932	1.194721004125007	17.92933439982947	18.905815600170513
ROUTE_PAYMENT_HOPS_AV_SUCC=17.154824578502435	17.205472510767663	14.52869047619048	19.218882466281308	1.8389759657079394	2.020205529825272	1.657746401590608	16.560492597625434	17.749156559379436
ROUTE_PAYMENT_SUCCESS_DIRECT=0.8024150000000001	0.7985	0.7726	0.8427	3.865892750000005E-4	2.288787634615415E-4	6.794802249999955E-4	0.7937978039396798	0.8110321960603204
ROUTE_PAYMENT_SUCCESS=0.8024150000000001	0.7985	0.7726	0.8427	3.865892750000005E-4	2.288787634615415E-4	6.794802249999955E-4	0.7937978039396798	0.8110321960603204
