ROUTE_PAYMENT_MES_AV=5.685800000000004
ROUTE_PAYMENT_MES_AV_SUCC=4.858293075684382
ROUTE_PAYMENT_HOPS_AV=5.4604
ROUTE_PAYMENT_HOPS_AV_SUCC=4.766827697262479
ROUTE_PAYMENT_SUCCESS_DIRECT=0.9315
ROUTE_PAYMENT_SUCCESS=0.9315
