ROUTE_PAYMENT_MES_AV=5.868999999999999
ROUTE_PAYMENT_MES_AV_SUCC=4.737396784006951
ROUTE_PAYMENT_HOPS_AV=5.539300000000003
ROUTE_PAYMENT_HOPS_AV_SUCC=4.634398087787918
ROUTE_PAYMENT_SUCCESS_DIRECT=0.9204
ROUTE_PAYMENT_SUCCESS=0.9204
