ROUTE_PAYMENT_MES_AV=9.083799999999998
ROUTE_PAYMENT_MES_AV_SUCC=7.105797845048745
ROUTE_PAYMENT_HOPS_AV=5.032199999999998
ROUTE_PAYMENT_HOPS_AV_SUCC=4.513391482811697
ROUTE_PAYMENT_SUCCESS_DIRECT=0.9745
ROUTE_PAYMENT_SUCCESS=0.9745
