ROUTE_PAYMENT_MES_AV=3.950900000000001
ROUTE_PAYMENT_MES_AV_SUCC=3.9498560054209735
ROUTE_PAYMENT_HOPS_AV=16.196099999999998
ROUTE_PAYMENT_HOPS_AV_SUCC=21.494494324919525
ROUTE_PAYMENT_SUCCESS_DIRECT=0.5903
ROUTE_PAYMENT_SUCCESS=0.5903
