ROUTE_PAYMENT_MES_AV=9.128300000000001
ROUTE_PAYMENT_MES_AV_SUCC=7.452214930270714
ROUTE_PAYMENT_HOPS_AV=5.0776
ROUTE_PAYMENT_HOPS_AV_SUCC=4.606952420016406
ROUTE_PAYMENT_SUCCESS_DIRECT=0.9752
ROUTE_PAYMENT_SUCCESS=0.9752
