ROUTE_PAYMENT_MES_AV=7.191899999999999
ROUTE_PAYMENT_MES_AV_SUCC=5.986147985686252
ROUTE_PAYMENT_HOPS_AV=12.956200000000004
ROUTE_PAYMENT_HOPS_AV_SUCC=12.056331524875912
ROUTE_PAYMENT_SUCCESS_DIRECT=0.8663
ROUTE_PAYMENT_SUCCESS=0.8663
