ROUTE_PAYMENT_MES_AV=5.680500000000002
ROUTE_PAYMENT_MES_AV_SUCC=5.032904148783976
ROUTE_PAYMENT_HOPS_AV=10.094899999999996
ROUTE_PAYMENT_HOPS_AV_SUCC=11.116660163870465
ROUTE_PAYMENT_SUCCESS_DIRECT=0.7689
ROUTE_PAYMENT_SUCCESS=0.7689
