ROUTE_PAYMENT_MES_AV=4.988299999999999
ROUTE_PAYMENT_MES_AV_SUCC=4.553142481079304
ROUTE_PAYMENT_HOPS_AV=39.05050000000002
ROUTE_PAYMENT_HOPS_AV_SUCC=35.09070966326646
ROUTE_PAYMENT_SUCCESS_DIRECT=0.9117
ROUTE_PAYMENT_SUCCESS=0.9117
