ROUTE_PAYMENT_MES_AV=8.407399999999997
ROUTE_PAYMENT_MES_AV_SUCC=8.238127015904796
ROUTE_PAYMENT_HOPS_AV=4.838800000000001
ROUTE_PAYMENT_HOPS_AV_SUCC=4.71071071071071
ROUTE_PAYMENT_SUCCESS_DIRECT=0.8991
ROUTE_PAYMENT_SUCCESS=0.8991
ROUTE_PAYMENT_FEE_AV=3.045165253642718
ROUTE_PAYMENT_FEE_MED=2.880480050896041
ROUTE_PAYMENT_FEE_Q1=1.9886743447196917
ROUTE_PAYMENT_FEE_Q3=3.910893247505238
