ROUTE_PAYMENT_MES_AV=5.990499999999999
ROUTE_PAYMENT_MES_AV_SUCC=4.765917350922061
ROUTE_PAYMENT_HOPS_AV=25.180300000000003
ROUTE_PAYMENT_HOPS_AV_SUCC=24.027325346614624
ROUTE_PAYMENT_SUCCESS_DIRECT=0.7429
ROUTE_PAYMENT_SUCCESS=0.7429
