ROUTE_PAYMENT_MES_AV=5.3858
ROUTE_PAYMENT_MES_AV_SUCC=4.559894690653795
ROUTE_PAYMENT_HOPS_AV=5.278599999999997
ROUTE_PAYMENT_HOPS_AV_SUCC=4.535103115401492
ROUTE_PAYMENT_SUCCESS_DIRECT=0.9116
ROUTE_PAYMENT_SUCCESS=0.9116
