ROUTE_PAYMENT_MES_AV=3.6729000000000003
ROUTE_PAYMENT_MES_AV_SUCC=3.6729000000000003
ROUTE_PAYMENT_HOPS_AV=3.6731
ROUTE_PAYMENT_HOPS_AV_SUCC=3.6731
ROUTE_PAYMENT_SUCCESS_DIRECT=1.0
ROUTE_PAYMENT_SUCCESS=1.0
ROUTE_PAYMENT_FEE_AV=9.697910663993769E-8
ROUTE_PAYMENT_FEE_MED=1.3498121279586714E-7
ROUTE_PAYMENT_FEE_Q1=2.724304128219778E-8
ROUTE_PAYMENT_FEE_Q3=1.3484472314550876E-7
