ROUTE_PAYMENT_MES_AV=4.7323
ROUTE_PAYMENT_MES_AV_SUCC=4.192106879606877
ROUTE_PAYMENT_HOPS_AV=3.579000000000001
ROUTE_PAYMENT_HOPS_AV_SUCC=3.8427518427518423
ROUTE_PAYMENT_SUCCESS_DIRECT=0.6512
ROUTE_PAYMENT_SUCCESS=0.6512
