ROUTE_PAYMENT_MES_AV=5.846399999999998
ROUTE_PAYMENT_MES_AV_SUCC=4.779965382951103
ROUTE_PAYMENT_HOPS_AV=45.251900000000035
ROUTE_PAYMENT_HOPS_AV_SUCC=36.70359151882302
ROUTE_PAYMENT_SUCCESS_DIRECT=0.9244
ROUTE_PAYMENT_SUCCESS=0.9244
