ROUTE_PAYMENT_MES_AV=6.5333000000000006
ROUTE_PAYMENT_MES_AV_SUCC=5.694231216561991
ROUTE_PAYMENT_HOPS_AV=4.2672000000000025
ROUTE_PAYMENT_HOPS_AV_SUCC=4.154570830425681
ROUTE_PAYMENT_SUCCESS_DIRECT=0.8598
ROUTE_PAYMENT_SUCCESS=0.8598
