ROUTE_PAYMENT_MES_AV=6.0943000000000005
ROUTE_PAYMENT_MES_AV_SUCC=4.732444318343027
ROUTE_PAYMENT_HOPS_AV=26.04989999999998
ROUTE_PAYMENT_HOPS_AV_SUCC=25.097176904525455
ROUTE_PAYMENT_SUCCESS_DIRECT=0.7049
ROUTE_PAYMENT_SUCCESS=0.7049
