ROUTE_PAYMENT_MES_AV=5.971499999999997
ROUTE_PAYMENT_MES_AV_SUCC=4.7621819749892165
ROUTE_PAYMENT_HOPS_AV=21.60430000000001
ROUTE_PAYMENT_HOPS_AV_SUCC=17.233074601121185
ROUTE_PAYMENT_SUCCESS_DIRECT=0.9276
ROUTE_PAYMENT_SUCCESS=0.9276
