ROUTE_PAYMENT_MES_AV=5.1439
ROUTE_PAYMENT_MES_AV_SUCC=4.507427937915741
ROUTE_PAYMENT_HOPS_AV=5.0881000000000025
ROUTE_PAYMENT_HOPS_AV_SUCC=4.50720620842572
ROUTE_PAYMENT_SUCCESS_DIRECT=0.902
ROUTE_PAYMENT_SUCCESS=0.902
