ROUTE_PAYMENT_MES_AV=5.686300000000002
ROUTE_PAYMENT_MES_AV_SUCC=4.757520017312272
ROUTE_PAYMENT_HOPS_AV=33.18139999999997
ROUTE_PAYMENT_HOPS_AV_SUCC=27.156784245834217
ROUTE_PAYMENT_SUCCESS_DIRECT=0.9242
ROUTE_PAYMENT_SUCCESS=0.9242
