ROUTE_PAYMENT_MES_AV=7.061599999999997
ROUTE_PAYMENT_MES_AV_SUCC=5.7854571634269245
ROUTE_PAYMENT_HOPS_AV=14.577900000000003
ROUTE_PAYMENT_HOPS_AV_SUCC=13.661147108231335
ROUTE_PAYMENT_SUCCESS_DIRECT=0.8334
ROUTE_PAYMENT_SUCCESS=0.8334
