ROUTE_PAYMENT_MES_AV=5.3375
ROUTE_PAYMENT_MES_AV_SUCC=4.594694902303241
ROUTE_PAYMENT_HOPS_AV=15.987099999999998
ROUTE_PAYMENT_HOPS_AV_SUCC=13.634974347778623
ROUTE_PAYMENT_SUCCESS_DIRECT=0.9161
ROUTE_PAYMENT_SUCCESS=0.9161
