ROUTE_PAYMENT_MES_AV=5.627299999999996
ROUTE_PAYMENT_MES_AV_SUCC=4.721094343719463
ROUTE_PAYMENT_HOPS_AV=5.458099999999997
ROUTE_PAYMENT_HOPS_AV_SUCC=4.664965801758764
ROUTE_PAYMENT_SUCCESS_DIRECT=0.9211
ROUTE_PAYMENT_SUCCESS=0.9211
