ROUTE_PAYMENT_MES_AV=3.4622
ROUTE_PAYMENT_MES_AV_SUCC=3.685051818022133
ROUTE_PAYMENT_HOPS_AV=19.44809999999999
ROUTE_PAYMENT_HOPS_AV_SUCC=26.58861760056208
ROUTE_PAYMENT_SUCCESS_DIRECT=0.5693
ROUTE_PAYMENT_SUCCESS=0.5693
