ROUTE_PAYMENT_MES_AV=7.229200000000003
ROUTE_PAYMENT_MES_AV_SUCC=5.61190476190476
ROUTE_PAYMENT_HOPS_AV=16.824099999999994
ROUTE_PAYMENT_HOPS_AV_SUCC=14.52869047619048
ROUTE_PAYMENT_SUCCESS_DIRECT=0.84
ROUTE_PAYMENT_SUCCESS=0.84
