ROUTE_PAYMENT_MES_AV=3.523400000000001
ROUTE_PAYMENT_MES_AV_SUCC=3.7297297297297303
ROUTE_PAYMENT_HOPS_AV=20.023199999999996
ROUTE_PAYMENT_HOPS_AV_SUCC=27.065911072362688
ROUTE_PAYMENT_SUCCESS_DIRECT=0.5735
ROUTE_PAYMENT_SUCCESS=0.5735
