ROUTE_PAYMENT_MES_AV=5.1182000000000025
ROUTE_PAYMENT_MES_AV_SUCC=4.532909170688902
ROUTE_PAYMENT_HOPS_AV=5.050999999999999
ROUTE_PAYMENT_HOPS_AV_SUCC=4.527095217200526
ROUTE_PAYMENT_SUCCESS_DIRECT=0.9116
ROUTE_PAYMENT_SUCCESS=0.9116
