ROUTE_PAYMENT_MES_AV=5.456000000000001
ROUTE_PAYMENT_MES_AV_SUCC=4.837845303867403
ROUTE_PAYMENT_HOPS_AV=11.561599999999997
ROUTE_PAYMENT_HOPS_AV_SUCC=13.42569060773481
ROUTE_PAYMENT_SUCCESS_DIRECT=0.724
ROUTE_PAYMENT_SUCCESS=0.724
