ROUTE_PAYMENT_MES_AV=7.669824999999999	7.613200000000001	7.223399999999998	8.432399999999996	0.10070130287499998	0.05072774741071424	0.21730626562500002	7.530746941859148	7.808903058140849
ROUTE_PAYMENT_MES_AV_SUCC=6.5909042463903305	6.56446140797286	6.311729753521127	7.0368392952482655	0.03262331083415684	0.023560783304676324	0.0436997333701886	6.5117443730641	6.670064119716561
ROUTE_PAYMENT_HOPS_AV=4.6589849999999995	4.641799999999997	4.5471	4.9128000000000025	0.010954210275000025	0.004260057424999976	0.031036668825000162	4.613114696865814	4.704855303134185
ROUTE_PAYMENT_HOPS_AV_SUCC=4.37439028681042	4.376391010255292	4.289443094156188	4.537213027229044	0.003207162230256204	0.0022358024728859416	0.004178521987626468	4.349570300485129	4.399210273135711
ROUTE_PAYMENT_SUCCESS_DIRECT=0.9317249999999999	0.9356	0.9088	0.9499	1.3613087500000007E-4	1.512001249999984E-4	1.2106162500000173E-4	0.9266114866803732	0.9368385133196266
ROUTE_PAYMENT_SUCCESS=0.9317249999999999	0.9356	0.9088	0.9499	1.3613087500000007E-4	1.512001249999984E-4	1.2106162500000173E-4	0.9266114866803732	0.9368385133196266
