ROUTE_PAYMENT_MES_AV=5.8813
ROUTE_PAYMENT_MES_AV_SUCC=4.7774569564752465
ROUTE_PAYMENT_HOPS_AV=5.569900000000002
ROUTE_PAYMENT_HOPS_AV_SUCC=4.649128435461444
ROUTE_PAYMENT_SUCCESS_DIRECT=0.9351
ROUTE_PAYMENT_SUCCESS=0.9351
