ROUTE_PAYMENT_MES_AV=8.017400000000004
ROUTE_PAYMENT_MES_AV_SUCC=6.833386530481962
ROUTE_PAYMENT_HOPS_AV=4.7408
ROUTE_PAYMENT_HOPS_AV_SUCC=4.3959995744228095
ROUTE_PAYMENT_SUCCESS_DIRECT=0.9399
ROUTE_PAYMENT_SUCCESS=0.9399
