ROUTE_PAYMENT_MES_AV=5.755385	5.755099999999996	5.558900000000003	6.016499999999994	0.012631017274999759	0.009759416315908901	0.01614075178055525	5.706128875526165	5.804641124473836
ROUTE_PAYMENT_MES_AV_SUCC=4.6976905843007914	4.717882225823879	4.597708603545178	4.844907657414409	0.003990561875042476	0.005236823834297488	0.0031597205688724678	4.670004719225664	4.7253764493759185
ROUTE_PAYMENT_HOPS_AV=29.243694999999995	29.06680000000001	25.1392	32.56669999999999	3.5915864004749816	2.9123431457749693	4.610451282524998	28.413109714912885	30.074280285087106
ROUTE_PAYMENT_HOPS_AV_SUCC=23.725900344487677	23.50834778837816	19.89468016368728	26.701003128033665	2.9136383341073158	2.325240662596488	3.7962348413735576	22.97780165366184	24.473999035313515
ROUTE_PAYMENT_SUCCESS_DIRECT=0.924925	0.927	0.9153	0.9312	2.1967874999999917E-5	4.0042053571428435E-5	1.2235624999999946E-5	0.9228708360751877	0.9269791639248123
ROUTE_PAYMENT_SUCCESS=0.924925	0.927	0.9153	0.9312	2.1967874999999917E-5	4.0042053571428435E-5	1.2235624999999946E-5	0.9228708360751877	0.9269791639248123
