ROUTE_PAYMENT_MES_AV=5.9844000000000035
ROUTE_PAYMENT_MES_AV_SUCC=4.797726297726299
ROUTE_PAYMENT_HOPS_AV=5.643500000000001
ROUTE_PAYMENT_HOPS_AV_SUCC=4.67042042042042
ROUTE_PAYMENT_SUCCESS_DIRECT=0.9324
ROUTE_PAYMENT_SUCCESS=0.9324
