ROUTE_PAYMENT_MES_AV=5.601100000000003
ROUTE_PAYMENT_MES_AV_SUCC=4.721366594360088
ROUTE_PAYMENT_HOPS_AV=31.1564
ROUTE_PAYMENT_HOPS_AV_SUCC=26.222342733188725
ROUTE_PAYMENT_SUCCESS_DIRECT=0.922
ROUTE_PAYMENT_SUCCESS=0.922
