ROUTE_PAYMENT_MES_AV=5.936400000000003
ROUTE_PAYMENT_MES_AV_SUCC=4.762002373503078
ROUTE_PAYMENT_HOPS_AV=15.419199999999996
ROUTE_PAYMENT_HOPS_AV_SUCC=12.00409968712914
ROUTE_PAYMENT_SUCCESS_DIRECT=0.9269
ROUTE_PAYMENT_SUCCESS=0.9269
