ROUTE_PAYMENT_MES_AV=7.811500000000002
ROUTE_PAYMENT_MES_AV_SUCC=6.727542059041372
ROUTE_PAYMENT_HOPS_AV=6.948499999999999
ROUTE_PAYMENT_HOPS_AV_SUCC=6.462279123902232
ROUTE_PAYMENT_SUCCESS_DIRECT=0.9451
ROUTE_PAYMENT_SUCCESS=0.9451
