ROUTE_PAYMENT_MES_AV=5.747600000000003
ROUTE_PAYMENT_MES_AV_SUCC=4.740904674511498
ROUTE_PAYMENT_HOPS_AV=44.21399999999998
ROUTE_PAYMENT_HOPS_AV_SUCC=36.1764007341034
ROUTE_PAYMENT_SUCCESS_DIRECT=0.9263
ROUTE_PAYMENT_SUCCESS=0.9263
