ROUTE_PAYMENT_MES_AV=4.8855
ROUTE_PAYMENT_MES_AV_SUCC=4.384009758261257
ROUTE_PAYMENT_HOPS_AV=4.835399999999999
ROUTE_PAYMENT_HOPS_AV_SUCC=4.383787979596365
ROUTE_PAYMENT_SUCCESS_DIRECT=0.9018
ROUTE_PAYMENT_SUCCESS=0.9018
