ROUTE_PAYMENT_MES_AV=10.5	10.5	10.5	10.5	0.0	0.0	0.0	10.5	10.5
ROUTE_PAYMENT_MES_AV_SUCC=7.5	7.5	7.5	7.5	0.0	0.0	0.0	7.5	7.5
ROUTE_PAYMENT_HOPS_AV=10.5	10.5	10.5	10.5	0.0	0.0	0.0	10.5	10.5
ROUTE_PAYMENT_HOPS_AV_SUCC=7.5	7.5	7.5	7.5	0.0	0.0	0.0	7.5	7.5
ROUTE_PAYMENT_SUCCESS_DIRECT=0.25	0.25	0.25	0.25	0.0	0.0	0.0	0.25	0.25
ROUTE_PAYMENT_SUCCESS=1.0	1.0	1.0	1.0	0.0	0.0	0.0	1.0	1.0
ROUTE_PAYMENT_FEE_AV=0.00238360393793065	0.00238360393793065	0.00238360393793065	0.00238360393793065	0.0	0.0	0.0	0.00238360393793065	0.00238360393793065
ROUTE_PAYMENT_FEE_MED=0.0	0.0	0.0	0.0	0.0	0.0	0.0	0.0	0.0
ROUTE_PAYMENT_FEE_Q1=0.0	0.0	0.0	0.0	0.0	0.0	0.0	0.0	0.0
ROUTE_PAYMENT_FEE_Q3=3.799999999999999E-5	3.799999999999999E-5	3.799999999999999E-5	3.799999999999999E-5	0.0	0.0	0.0	3.799999999999999E-5	3.799999999999999E-5
