ROUTE_PAYMENT_MES_AV=5.865199999999997
ROUTE_PAYMENT_MES_AV_SUCC=4.7042009527934185
ROUTE_PAYMENT_HOPS_AV=5.5867999999999975
ROUTE_PAYMENT_HOPS_AV_SUCC=4.590840190558683
ROUTE_PAYMENT_SUCCESS_DIRECT=0.9236
ROUTE_PAYMENT_SUCCESS=0.9236
