ROUTE_PAYMENT_MES_AV=5.872099999999997
ROUTE_PAYMENT_MES_AV_SUCC=4.919561048369914
ROUTE_PAYMENT_HOPS_AV=5.5807
ROUTE_PAYMENT_HOPS_AV_SUCC=4.782335393138716
ROUTE_PAYMENT_SUCCESS_DIRECT=0.9386
ROUTE_PAYMENT_SUCCESS=0.9386
