ROUTE_PAYMENT_MES_AV=7.5036000000000005
ROUTE_PAYMENT_MES_AV_SUCC=6.474292503780517
ROUTE_PAYMENT_HOPS_AV=7.6673
ROUTE_PAYMENT_HOPS_AV_SUCC=7.114063512637719
ROUTE_PAYMENT_SUCCESS_DIRECT=0.9258
ROUTE_PAYMENT_SUCCESS=0.9258
