ROUTE_PAYMENT_MES_AV=5.8849
ROUTE_PAYMENT_MES_AV_SUCC=4.676781737193764
ROUTE_PAYMENT_HOPS_AV=27.2414
ROUTE_PAYMENT_HOPS_AV_SUCC=26.81375278396438
ROUTE_PAYMENT_SUCCESS_DIRECT=0.7184
ROUTE_PAYMENT_SUCCESS=0.7184
