ROUTE_PAYMENT_MES_AV=5.346100000000001
ROUTE_PAYMENT_MES_AV_SUCC=4.64130434782609
ROUTE_PAYMENT_HOPS_AV=19.449800000000025
ROUTE_PAYMENT_HOPS_AV_SUCC=16.702717391304343
ROUTE_PAYMENT_SUCCESS_DIRECT=0.92
ROUTE_PAYMENT_SUCCESS=0.92
