ROUTE_PAYMENT_MES_AV=4.339700000000001
ROUTE_PAYMENT_MES_AV_SUCC=3.950744377573646
ROUTE_PAYMENT_HOPS_AV=3.3618
ROUTE_PAYMENT_HOPS_AV_SUCC=3.704941400063352
ROUTE_PAYMENT_SUCCESS_DIRECT=0.6314
ROUTE_PAYMENT_SUCCESS=0.6314
