ROUTE_PAYMENT_MES_AV=5.644599999999997
ROUTE_PAYMENT_MES_AV_SUCC=4.7932635215372965
ROUTE_PAYMENT_HOPS_AV=39.809900000000034
ROUTE_PAYMENT_HOPS_AV_SUCC=33.5384864514736
ROUTE_PAYMENT_SUCCESS_DIRECT=0.9263
ROUTE_PAYMENT_SUCCESS=0.9263
