ROUTE_PAYMENT_MES_AV=7.472299999999999
ROUTE_PAYMENT_MES_AV_SUCC=6.005206484439709
ROUTE_PAYMENT_HOPS_AV=12.479300000000006
ROUTE_PAYMENT_HOPS_AV_SUCC=11.337948171813988
ROUTE_PAYMENT_SUCCESS_DIRECT=0.8451
ROUTE_PAYMENT_SUCCESS=0.8451
