ROUTE_PAYMENT_MES_AV=5.516100000000001
ROUTE_PAYMENT_MES_AV_SUCC=4.770525173022118
ROUTE_PAYMENT_HOPS_AV=3.8941999999999997
ROUTE_PAYMENT_HOPS_AV_SUCC=3.97123083186321
ROUTE_PAYMENT_SUCCESS_DIRECT=0.7369
ROUTE_PAYMENT_SUCCESS=0.7369
