ROUTE_PAYMENT_MES_AV=5.6318
ROUTE_PAYMENT_MES_AV_SUCC=4.6498484192291025
ROUTE_PAYMENT_HOPS_AV=5.349399999999998
ROUTE_PAYMENT_HOPS_AV_SUCC=4.551320918146382
ROUTE_PAYMENT_SUCCESS_DIRECT=0.9236
ROUTE_PAYMENT_SUCCESS=0.9236
