ROUTE_PAYMENT_MES_AV=6.193400000000003
ROUTE_PAYMENT_MES_AV_SUCC=4.831910986280652
ROUTE_PAYMENT_HOPS_AV=5.8672999999999975
ROUTE_PAYMENT_HOPS_AV_SUCC=4.7165388354758555
ROUTE_PAYMENT_SUCCESS_DIRECT=0.9257
ROUTE_PAYMENT_SUCCESS=0.9257
