ROUTE_PAYMENT_MES_AV=4.1313
ROUTE_PAYMENT_MES_AV_SUCC=3.9913303909205555
ROUTE_PAYMENT_HOPS_AV=14.975199999999997
ROUTE_PAYMENT_HOPS_AV_SUCC=18.91298865069357
ROUTE_PAYMENT_SUCCESS_DIRECT=0.6344
ROUTE_PAYMENT_SUCCESS=0.6344
