ROUTE_PAYMENT_MES_AV=5.8577
ROUTE_PAYMENT_MES_AV_SUCC=4.6167540712117034
ROUTE_PAYMENT_HOPS_AV=27.827099999999998
ROUTE_PAYMENT_HOPS_AV_SUCC=26.985233232128063
ROUTE_PAYMENT_SUCCESS_DIRECT=0.7246
ROUTE_PAYMENT_SUCCESS=0.7246
