ROUTE_PAYMENT_MES_AV=4.992599999999998
ROUTE_PAYMENT_MES_AV_SUCC=4.581606585296622
ROUTE_PAYMENT_HOPS_AV=11.873799999999996
ROUTE_PAYMENT_HOPS_AV_SUCC=14.062021004825427
ROUTE_PAYMENT_SUCCESS_DIRECT=0.7046
ROUTE_PAYMENT_SUCCESS=0.7046
