ROUTE_PAYMENT_MES_AV=9.411899999999997
ROUTE_PAYMENT_MES_AV_SUCC=7.173088811044716
ROUTE_PAYMENT_HOPS_AV=5.059100000000002
ROUTE_PAYMENT_HOPS_AV_SUCC=4.502266639192252
ROUTE_PAYMENT_SUCCESS_DIRECT=0.9706
ROUTE_PAYMENT_SUCCESS=0.9706
