ROUTE_PAYMENT_MES_AV=5.5239999999999965
ROUTE_PAYMENT_MES_AV_SUCC=4.808949152542373
ROUTE_PAYMENT_HOPS_AV=3.8617000000000004
ROUTE_PAYMENT_HOPS_AV_SUCC=3.9646101694915252
ROUTE_PAYMENT_SUCCESS_DIRECT=0.7375
ROUTE_PAYMENT_SUCCESS=0.7375
