ROUTE_PAYMENT_MES_AV=5.568300000000002
ROUTE_PAYMENT_MES_AV_SUCC=4.669003451251077
ROUTE_PAYMENT_HOPS_AV=31.074700000000004
ROUTE_PAYMENT_HOPS_AV_SUCC=25.6878774805867
ROUTE_PAYMENT_SUCCESS_DIRECT=0.9272
ROUTE_PAYMENT_SUCCESS=0.9272
