ROUTE_PAYMENT_MES_AV=20818.02750000002
ROUTE_PAYMENT_MES_AV_SUCC=12902.907779171897
ROUTE_PAYMENT_HOPS_AV=43.5383
ROUTE_PAYMENT_HOPS_AV_SUCC=33.847344207444586
ROUTE_PAYMENT_SUCCESS_DIRECT=0.4782
ROUTE_PAYMENT_SUCCESS=0.4782
ROUTE_PAYMENT_FEE_AV=178.74302869561512
ROUTE_PAYMENT_FEE_MED=218.469009909584
ROUTE_PAYMENT_FEE_Q1=46.54315592446066
ROUTE_PAYMENT_FEE_Q3=237.38051950686037
