ROUTE_PAYMENT_MES_AV=5.6587999999999985
ROUTE_PAYMENT_MES_AV_SUCC=4.666738730948007
ROUTE_PAYMENT_HOPS_AV=22.51300000000001
ROUTE_PAYMENT_HOPS_AV_SUCC=18.616473894714087
ROUTE_PAYMENT_SUCCESS_DIRECT=0.9251
ROUTE_PAYMENT_SUCCESS=0.9251
