ROUTE_PAYMENT_MES_AV=4.379500000000001
ROUTE_PAYMENT_MES_AV_SUCC=3.978027265437049
ROUTE_PAYMENT_HOPS_AV=3.4063
ROUTE_PAYMENT_HOPS_AV_SUCC=3.7506014434643147
ROUTE_PAYMENT_SUCCESS_DIRECT=0.6235
ROUTE_PAYMENT_SUCCESS=0.6235
