TRANSACTION_STATS_RECOMPUTED=24296.75	25393.0	2237.0	46361.0	1.790894412875E8	1.785998215125E8	1.795790610625E8	18431.641315371642	30161.858684628358
TRANSACTION_STATS_EQUALS_FLOW=33.3	41.0	1.0	58.0	327.31000000000006	417.7788888888888	253.29000000000008	25.370958141111874	41.22904185888812
