ROUTE_PAYMENT_MES_AV=7.870200000000003
ROUTE_PAYMENT_MES_AV_SUCC=6.420551433949725
ROUTE_PAYMENT_HOPS_AV=4.715799999999999
ROUTE_PAYMENT_HOPS_AV_SUCC=4.348466393533385
ROUTE_PAYMENT_SUCCESS_DIRECT=0.9031
ROUTE_PAYMENT_SUCCESS=0.9031
