ROUTE_PAYMENT_MES_AV=6.574200000000002
ROUTE_PAYMENT_MES_AV_SUCC=5.2681783633139085
ROUTE_PAYMENT_HOPS_AV=18.543299999999984
ROUTE_PAYMENT_HOPS_AV_SUCC=17.205472510767663
ROUTE_PAYMENT_SUCCESS_DIRECT=0.7894
ROUTE_PAYMENT_SUCCESS=0.7894
