ROUTE_PAYMENT_MES_AV=5.948799999999996
ROUTE_PAYMENT_MES_AV_SUCC=4.756393724478832
ROUTE_PAYMENT_HOPS_AV=5.6293999999999995
ROUTE_PAYMENT_HOPS_AV_SUCC=4.633032452181389
ROUTE_PAYMENT_SUCCESS_DIRECT=0.9306
ROUTE_PAYMENT_SUCCESS=0.9306
