ROUTE_PAYMENT_MES_AV=5.7403
ROUTE_PAYMENT_MES_AV_SUCC=4.706285341452802
ROUTE_PAYMENT_HOPS_AV=32.911099999999976
ROUTE_PAYMENT_HOPS_AV_SUCC=26.71357111787734
ROUTE_PAYMENT_SUCCESS_DIRECT=0.9196
ROUTE_PAYMENT_SUCCESS=0.9196
