ROUTE_PAYMENT_MES_AV=5.5998
ROUTE_PAYMENT_MES_AV_SUCC=4.677405405405407
ROUTE_PAYMENT_HOPS_AV=37.15080000000002
ROUTE_PAYMENT_HOPS_AV_SUCC=30.938486486486482
ROUTE_PAYMENT_SUCCESS_DIRECT=0.925
ROUTE_PAYMENT_SUCCESS=0.925
