ROUTE_PAYMENT_MES_AV=5.885800000000003
ROUTE_PAYMENT_MES_AV_SUCC=4.953453613750401
ROUTE_PAYMENT_HOPS_AV=5.593200000000002
ROUTE_PAYMENT_HOPS_AV_SUCC=4.823209138464821
ROUTE_PAYMENT_SUCCESS_DIRECT=0.9367
ROUTE_PAYMENT_SUCCESS=0.9367
