ROUTE_PAYMENT_MES_AV=5.8085999999999975
ROUTE_PAYMENT_MES_AV_SUCC=4.705946180555556
ROUTE_PAYMENT_HOPS_AV=25.41589999999998
ROUTE_PAYMENT_HOPS_AV_SUCC=20.62641059027778
ROUTE_PAYMENT_SUCCESS_DIRECT=0.9216
ROUTE_PAYMENT_SUCCESS=0.9216
