ROUTE_PAYMENT_MES_AV=5.4059
ROUTE_PAYMENT_MES_AV_SUCC=4.692224622030238
ROUTE_PAYMENT_HOPS_AV=3.850599999999999
ROUTE_PAYMENT_HOPS_AV_SUCC=3.954238660907128
ROUTE_PAYMENT_SUCCESS_DIRECT=0.7408
ROUTE_PAYMENT_SUCCESS=0.7408
