ROUTE_PAYMENT_MES_AV=5.6818
ROUTE_PAYMENT_MES_AV_SUCC=4.919399814101715
ROUTE_PAYMENT_HOPS_AV=3.9407
ROUTE_PAYMENT_HOPS_AV_SUCC=3.9847297835612805
ROUTE_PAYMENT_SUCCESS_DIRECT=0.7531
ROUTE_PAYMENT_SUCCESS=0.7531
