ROUTE_PAYMENT_MES_AV=5.7731
ROUTE_PAYMENT_MES_AV_SUCC=4.823422459893051
ROUTE_PAYMENT_HOPS_AV=5.513499999999997
ROUTE_PAYMENT_HOPS_AV_SUCC=4.707272727272729
ROUTE_PAYMENT_SUCCESS_DIRECT=0.935
ROUTE_PAYMENT_SUCCESS=0.935
