ROUTE_PAYMENT_MES_AV=4.974300000000002
ROUTE_PAYMENT_MES_AV_SUCC=4.486811863850279
ROUTE_PAYMENT_HOPS_AV=29.775100000000016
ROUTE_PAYMENT_HOPS_AV_SUCC=26.35635328882565
ROUTE_PAYMENT_SUCCESS_DIRECT=0.9137
ROUTE_PAYMENT_SUCCESS=0.9137
