ROUTE_PAYMENT_MES_AV=6.7699
ROUTE_PAYMENT_MES_AV_SUCC=5.569772998805259
ROUTE_PAYMENT_HOPS_AV=4.311299999999999
ROUTE_PAYMENT_HOPS_AV_SUCC=4.107765830346476
ROUTE_PAYMENT_SUCCESS_DIRECT=0.837
ROUTE_PAYMENT_SUCCESS=0.837
