ROUTE_PAYMENT_MES_AV=5.7532
ROUTE_PAYMENT_MES_AV_SUCC=4.7212705984388545
ROUTE_PAYMENT_HOPS_AV=28.660899999999994
ROUTE_PAYMENT_HOPS_AV_SUCC=23.50834778837816
ROUTE_PAYMENT_SUCCESS_DIRECT=0.9224
ROUTE_PAYMENT_SUCCESS=0.9224
