ROUTE_PAYMENT_MES_AV=4.424
ROUTE_PAYMENT_MES_AV_SUCC=4.037680688647068
ROUTE_PAYMENT_HOPS_AV=3.4165000000000005
ROUTE_PAYMENT_HOPS_AV_SUCC=3.794380380055221
ROUTE_PAYMENT_SUCCESS_DIRECT=0.6157
ROUTE_PAYMENT_SUCCESS=0.6157
