ROUTE_PAYMENT_MES_AV=5.601200000000001
ROUTE_PAYMENT_MES_AV_SUCC=4.6474594594594585
ROUTE_PAYMENT_HOPS_AV=43.02650000000001
ROUTE_PAYMENT_HOPS_AV_SUCC=35.38475675675679
ROUTE_PAYMENT_SUCCESS_DIRECT=0.925
ROUTE_PAYMENT_SUCCESS=0.925
