ROUTE_PAYMENT_MES_AV=6.5767
ROUTE_PAYMENT_MES_AV_SUCC=5.169270497094899
ROUTE_PAYMENT_HOPS_AV=4.2591
ROUTE_PAYMENT_HOPS_AV_SUCC=4.085087153001936
ROUTE_PAYMENT_SUCCESS_DIRECT=0.7745
ROUTE_PAYMENT_SUCCESS=0.7745
