ROUTE_PAYMENT_MES_AV=4.7726999999999995
ROUTE_PAYMENT_MES_AV_SUCC=4.43363572923936
ROUTE_PAYMENT_HOPS_AV=12.0393
ROUTE_PAYMENT_HOPS_AV_SUCC=14.076482903000693
ROUTE_PAYMENT_SUCCESS_DIRECT=0.7165
ROUTE_PAYMENT_SUCCESS=0.7165
