ROUTE_PAYMENT_MES_AV=5.220100000000001
ROUTE_PAYMENT_MES_AV_SUCC=4.465682762573434
ROUTE_PAYMENT_HOPS_AV=3.7035000000000005
ROUTE_PAYMENT_HOPS_AV_SUCC=3.826766012322682
ROUTE_PAYMENT_SUCCESS_DIRECT=0.6979
ROUTE_PAYMENT_SUCCESS=0.6979
