ROUTE_PAYMENT_MES_AV=4.6491
ROUTE_PAYMENT_MES_AV_SUCC=4.3264248704663215
ROUTE_PAYMENT_HOPS_AV=13.046499999999998
ROUTE_PAYMENT_HOPS_AV_SUCC=15.633308660251677
ROUTE_PAYMENT_SUCCESS_DIRECT=0.6755
ROUTE_PAYMENT_SUCCESS=0.6755
