ROUTE_PAYMENT_MES_AV=6.405899999999998
ROUTE_PAYMENT_MES_AV_SUCC=4.84442349137931
ROUTE_PAYMENT_HOPS_AV=4.155399999999999
ROUTE_PAYMENT_HOPS_AV_SUCC=3.9207974137931036
ROUTE_PAYMENT_SUCCESS_DIRECT=0.7424
ROUTE_PAYMENT_SUCCESS=0.7424
