ROUTE_PAYMENT_MES_AV=8.767500000000007
ROUTE_PAYMENT_MES_AV_SUCC=6.9138249794576865
ROUTE_PAYMENT_HOPS_AV=4.970900000000002
ROUTE_PAYMENT_HOPS_AV_SUCC=4.442789646672145
ROUTE_PAYMENT_SUCCESS_DIRECT=0.9736
ROUTE_PAYMENT_SUCCESS=0.9736
