ROUTE_PAYMENT_MES_AV=15.360299999999999
ROUTE_PAYMENT_MES_AV_SUCC=15.340579710144922
ROUTE_PAYMENT_HOPS_AV=4.177099999999999
ROUTE_PAYMENT_HOPS_AV_SUCC=4.167975040257648
ROUTE_PAYMENT_SUCCESS_DIRECT=0.9936
ROUTE_PAYMENT_SUCCESS=0.9936
ROUTE_PAYMENT_FEE_AV=2.381616630098718
ROUTE_PAYMENT_FEE_MED=4.094468179907992
ROUTE_PAYMENT_FEE_Q1=1.7970248996910556
ROUTE_PAYMENT_FEE_Q3=2.994462561395421
