ROUTE_PAYMENT_MES_AV=3.3952
ROUTE_PAYMENT_MES_AV_SUCC=3.3952
ROUTE_PAYMENT_HOPS_AV=3.3895999999999993
ROUTE_PAYMENT_HOPS_AV_SUCC=3.3895999999999993
ROUTE_PAYMENT_SUCCESS_DIRECT=1.0
ROUTE_PAYMENT_SUCCESS=1.0
ROUTE_PAYMENT_FEE_AV=9.967052449042597E-5
ROUTE_PAYMENT_FEE_MED=1.364587554912394E-4
ROUTE_PAYMENT_FEE_Q1=2.795894584430525E-5
ROUTE_PAYMENT_FEE_Q3=1.3913682807824507E-4
