ROUTE_PAYMENT_MES_AV=5.260199999999999
ROUTE_PAYMENT_MES_AV_SUCC=4.588170381814175
ROUTE_PAYMENT_HOPS_AV=29.71260000000001
ROUTE_PAYMENT_HOPS_AV_SUCC=25.39969101743544
ROUTE_PAYMENT_SUCCESS_DIRECT=0.9062
ROUTE_PAYMENT_SUCCESS=0.9062
