ROUTE_PAYMENT_MES_AV=15.070400000000003
ROUTE_PAYMENT_MES_AV_SUCC=15.081527763781109
ROUTE_PAYMENT_HOPS_AV=4.032600000000001
ROUTE_PAYMENT_HOPS_AV_SUCC=4.035473143202661
ROUTE_PAYMENT_SUCCESS_DIRECT=0.9923
ROUTE_PAYMENT_SUCCESS=0.9923
ROUTE_PAYMENT_FEE_AV=2.3684859246339087
ROUTE_PAYMENT_FEE_MED=2.0609174944900195
ROUTE_PAYMENT_FEE_Q1=1.8095889258490574
ROUTE_PAYMENT_FEE_Q3=2.9897522004379415
