ROUTE_PAYMENT_MES_AV=5.1078
ROUTE_PAYMENT_MES_AV_SUCC=4.536736020806243
ROUTE_PAYMENT_HOPS_AV=5.013700000000001
ROUTE_PAYMENT_HOPS_AV_SUCC=4.510619852622454
ROUTE_PAYMENT_SUCCESS_DIRECT=0.9228
ROUTE_PAYMENT_SUCCESS=0.9228
