ROUTE_PAYMENT_MES_AV=6.4733
ROUTE_PAYMENT_MES_AV_SUCC=5.239529472595655
ROUTE_PAYMENT_HOPS_AV=21.56920000000001
ROUTE_PAYMENT_HOPS_AV_SUCC=20.465098241985526
ROUTE_PAYMENT_SUCCESS_DIRECT=0.7736
ROUTE_PAYMENT_SUCCESS=0.7736
