ROUTE_PAYMENT_MES_AV=5.802300000000002
ROUTE_PAYMENT_MES_AV_SUCC=4.74849007765315
ROUTE_PAYMENT_HOPS_AV=16.340600000000013
ROUTE_PAYMENT_HOPS_AV_SUCC=13.1279119930975
ROUTE_PAYMENT_SUCCESS_DIRECT=0.9272
ROUTE_PAYMENT_SUCCESS=0.9272
