ROUTE_PAYMENT_MES_AV=7.259000000000002
ROUTE_PAYMENT_MES_AV_SUCC=6.256990225051148
ROUTE_PAYMENT_HOPS_AV=4.529499999999999
ROUTE_PAYMENT_HOPS_AV_SUCC=4.358035917253923
ROUTE_PAYMENT_SUCCESS_DIRECT=0.8798
ROUTE_PAYMENT_SUCCESS=0.8798
