ROUTE_PAYMENT_MES_AV=4.7974
ROUTE_PAYMENT_MES_AV_SUCC=4.3833745095189665
ROUTE_PAYMENT_HOPS_AV=12.341700000000005
ROUTE_PAYMENT_HOPS_AV_SUCC=14.612120331347189
ROUTE_PAYMENT_SUCCESS_DIRECT=0.6881
ROUTE_PAYMENT_SUCCESS=0.6881
