ROUTE_PAYMENT_MES_AV=6.0889
ROUTE_PAYMENT_MES_AV_SUCC=4.800666759272121
ROUTE_PAYMENT_HOPS_AV=27.244100000000003
ROUTE_PAYMENT_HOPS_AV_SUCC=26.451729406862064
ROUTE_PAYMENT_SUCCESS_DIRECT=0.7199
ROUTE_PAYMENT_SUCCESS=0.7199
