ROUTE_PAYMENT_MES_AV=6.272600000000004
ROUTE_PAYMENT_MES_AV_SUCC=5.599929502996121
ROUTE_PAYMENT_HOPS_AV=8.711399999999998
ROUTE_PAYMENT_HOPS_AV_SUCC=9.021384091176119
ROUTE_PAYMENT_SUCCESS_DIRECT=0.8511
ROUTE_PAYMENT_SUCCESS=0.8511
