ROUTE_PAYMENT_MES_AV=11.07
ROUTE_PAYMENT_MES_AV_SUCC=13.941176470588234
ROUTE_PAYMENT_HOPS_AV=2.4799999999999995
ROUTE_PAYMENT_HOPS_AV_SUCC=3.2156862745098036
ROUTE_PAYMENT_SUCCESS_DIRECT=0.51
ROUTE_PAYMENT_SUCCESS=0.51
ROUTE_PAYMENT_FEE_AV=1.0004183741374189
ROUTE_PAYMENT_FEE_MED=1.0004183741374189
ROUTE_PAYMENT_FEE_Q1=1.0004183741374189
ROUTE_PAYMENT_FEE_Q3=1.0004183741374189
