ROUTE_PAYMENT_MES_AV=11.74
ROUTE_PAYMENT_MES_AV_SUCC=9.574468085106382
ROUTE_PAYMENT_HOPS_AV=2.57
ROUTE_PAYMENT_HOPS_AV_SUCC=3.2765957446808507
ROUTE_PAYMENT_SUCCESS_DIRECT=0.47
ROUTE_PAYMENT_SUCCESS=0.47
ROUTE_PAYMENT_FEE_AV=1.0003822769957382
ROUTE_PAYMENT_FEE_MED=2.0007645539914765
ROUTE_PAYMENT_FEE_Q1=1.0003822769957382
ROUTE_PAYMENT_FEE_Q3=1.0003822769957382
