ROUTE_PAYMENT_MES_AV=5.688700000000006
ROUTE_PAYMENT_MES_AV_SUCC=4.671224028420714
ROUTE_PAYMENT_HOPS_AV=5.410199999999999
ROUTE_PAYMENT_HOPS_AV_SUCC=4.581117450748196
ROUTE_PAYMENT_SUCCESS_DIRECT=0.9289
ROUTE_PAYMENT_SUCCESS=0.9289
