ROUTE_PAYMENT_MES_AV=6.039499999999998
ROUTE_PAYMENT_MES_AV_SUCC=4.8733197117969675
ROUTE_PAYMENT_HOPS_AV=8.6372
ROUTE_PAYMENT_HOPS_AV_SUCC=6.9482740079578456
ROUTE_PAYMENT_SUCCESS_DIRECT=0.9299
ROUTE_PAYMENT_SUCCESS=0.9299
