ROUTE_PAYMENT_MES_AV=5.102100000000001
ROUTE_PAYMENT_MES_AV_SUCC=4.520885867777658
ROUTE_PAYMENT_HOPS_AV=30.775900000000004
ROUTE_PAYMENT_HOPS_AV_SUCC=26.978730402368175
ROUTE_PAYMENT_SUCCESS_DIRECT=0.9121
ROUTE_PAYMENT_SUCCESS=0.9121
