ROUTE_PAYMENT_MES_AV=7.779799999999998
ROUTE_PAYMENT_MES_AV_SUCC=6.658817204301078
ROUTE_PAYMENT_HOPS_AV=7.8291999999999975
ROUTE_PAYMENT_HOPS_AV_SUCC=7.319247311827961
ROUTE_PAYMENT_SUCCESS_DIRECT=0.93
ROUTE_PAYMENT_SUCCESS=0.93
