ROUTE_PAYMENT_MES_AV=7.660199999999999
ROUTE_PAYMENT_MES_AV_SUCC=6.691342130672676
ROUTE_PAYMENT_HOPS_AV=4.659299999999999
ROUTE_PAYMENT_HOPS_AV_SUCC=4.429031219826198
ROUTE_PAYMENT_SUCCESS_DIRECT=0.9321
ROUTE_PAYMENT_SUCCESS=0.9321
