ROUTE_PAYMENT_MES_AV=5.2752
ROUTE_PAYMENT_MES_AV_SUCC=4.7439008132249025
ROUTE_PAYMENT_HOPS_AV=10.971000000000004
ROUTE_PAYMENT_HOPS_AV_SUCC=12.497933608852147
ROUTE_PAYMENT_SUCCESS_DIRECT=0.7501
ROUTE_PAYMENT_SUCCESS=0.7501
