ROUTE_PAYMENT_MES_AV=5.712000000000003
ROUTE_PAYMENT_MES_AV_SUCC=4.695296523517382
ROUTE_PAYMENT_HOPS_AV=5.437199999999999
ROUTE_PAYMENT_HOPS_AV_SUCC=4.590140996663437
ROUTE_PAYMENT_SUCCESS_DIRECT=0.9291
ROUTE_PAYMENT_SUCCESS=0.9291
