ROUTE_PAYMENT_MES_AV=5.04066	5.0485999999999995	4.842899999999997	5.3389999999999995	0.011351654400000046	0.0096818800000001	0.01302142879999999	4.993964970530558	5.087355029469442
ROUTE_PAYMENT_MES_AV_SUCC=4.495524828722987	4.490250696378833	4.303380782918151	4.672684980062029	0.006096173819700803	0.005627171262109308	0.006669399167868184	4.4613056372175155	4.529744020228458
ROUTE_PAYMENT_HOPS_AV=39.550740000000005	39.55889999999999	38.082400000000014	41.66909999999999	0.6815521653999921	0.6132087201999951	0.749895610599989	39.18892162024294	39.91255837975707
ROUTE_PAYMENT_HOPS_AV_SUCC=34.56059068595136	34.643421198976796	33.33985765124556	35.72241914045193	0.2540997165204975	0.3117567287041116	0.20692579746117692	34.33966655067127	34.781514821231454
ROUTE_PAYMENT_SUCCESS_DIRECT=0.9052450000000001	0.9053	0.8975	0.9138	2.3598475E-5	2.2772425000000712E-5	2.4424524999999287E-5	0.9031159638147744	0.9073740361852257
ROUTE_PAYMENT_SUCCESS=0.9052450000000001	0.9053	0.8975	0.9138	2.3598475E-5	2.2772425000000712E-5	2.4424524999999287E-5	0.9031159638147744	0.9073740361852257
