ROUTE_PAYMENT_MES_AV=5.864595	5.872099999999997	5.6328000000000005	6.197500000000001	0.027886574475000075	0.021987493924999754	0.0337856550250004	5.791407205763815	5.937782794236184
ROUTE_PAYMENT_MES_AV_SUCC=4.77045554896897	4.772187131998716	4.657718844329452	4.919561048369914	0.005060686971780015	0.004607357479252114	0.005514016464307917	4.739277724260702	4.801633373677238
ROUTE_PAYMENT_HOPS_AV=5.55156	5.5447000000000015	5.356200000000005	5.8454	0.018495335399999712	0.012437032266666433	0.02758279009999964	5.491956442860917	5.611163557139084
ROUTE_PAYMENT_HOPS_AV_SUCC=4.6480204842351895	4.649898101469484	4.534605433376457	4.782335393138716	0.004100750006995608	0.003779487615070523	0.004422012398920695	4.619954988313262	4.676085980157117
ROUTE_PAYMENT_SUCCESS_DIRECT=0.932285	0.9333	0.9224	0.9403	1.8639275000000083E-5	3.0921225000000325E-5	1.2025917307692261E-5	0.9303928499155723	0.9341771500844278
ROUTE_PAYMENT_SUCCESS=0.932285	0.9333	0.9224	0.9403	1.8639275000000083E-5	3.0921225000000325E-5	1.2025917307692261E-5	0.9303928499155723	0.9341771500844278
