ROUTE_PAYMENT_MES_AV=5.2366600000000005	5.2216000000000005	5.1078	5.4585	0.009128117399999995	0.00680751614545459	0.011964407822222158	5.194787230922807	5.278532769077194
ROUTE_PAYMENT_MES_AV_SUCC=4.527799238656501	4.536736020806243	4.407874533889011	4.616677581314121	0.0023881703165500676	0.0036070084283782284	0.0015756115753312943	4.506381494741631	4.54921698257137
ROUTE_PAYMENT_HOPS_AV=5.134755	5.118199999999998	5.013700000000001	5.3532	0.00885582847499996	0.006406286025000019	0.011849713691666555	5.093511484952444	5.1759985150475565
ROUTE_PAYMENT_HOPS_AV_SUCC=4.5067783256322205	4.51525126179504	4.388023689405571	4.6016153678236185	0.002482583849870706	0.003275865840644014	0.0018335349483289084	4.484941322498018	4.528615328766423
ROUTE_PAYMENT_SUCCESS_DIRECT=0.9127350000000002	0.9136	0.9017	0.9228	2.314527500000002E-5	3.4909600000001764E-5	1.530239166666552E-5	0.9106265065990146	0.9148434934009858
ROUTE_PAYMENT_SUCCESS=0.9127350000000002	0.9136	0.9017	0.9228	2.314527500000002E-5	3.4909600000001764E-5	1.530239166666552E-5	0.9106265065990146	0.9148434934009858
