ROUTE_PAYMENT_MES_AV=6.6301000000000005
ROUTE_PAYMENT_MES_AV_SUCC=5.291893259137471
ROUTE_PAYMENT_HOPS_AV=21.523000000000003
ROUTE_PAYMENT_HOPS_AV_SUCC=20.256228658151002
ROUTE_PAYMENT_SUCCESS_DIRECT=0.7907
ROUTE_PAYMENT_SUCCESS=0.7907
