ROUTE_PAYMENT_MES_AV=5.812100000000003
ROUTE_PAYMENT_MES_AV_SUCC=4.794752753185056
ROUTE_PAYMENT_HOPS_AV=5.587700000000002
ROUTE_PAYMENT_HOPS_AV_SUCC=4.71280500971712
ROUTE_PAYMENT_SUCCESS_DIRECT=0.9262
ROUTE_PAYMENT_SUCCESS=0.9262
