ROUTE_PAYMENT_MES_AV=3.7986000000000004
ROUTE_PAYMENT_MES_AV_SUCC=3.837012763021732
ROUTE_PAYMENT_HOPS_AV=16.872999999999998
ROUTE_PAYMENT_HOPS_AV_SUCC=22.585719213521898
ROUTE_PAYMENT_SUCCESS_DIRECT=0.5798
ROUTE_PAYMENT_SUCCESS=0.5798
