ROUTE_PAYMENT_MES_AV=5.744600000000002
ROUTE_PAYMENT_MES_AV_SUCC=4.66238904929954
ROUTE_PAYMENT_HOPS_AV=21.604200000000006
ROUTE_PAYMENT_HOPS_AV_SUCC=17.12886322318468
ROUTE_PAYMENT_SUCCESS_DIRECT=0.9351
ROUTE_PAYMENT_SUCCESS=0.9351
