ROUTE_PAYMENT_MES_AV=7.107699999999997
ROUTE_PAYMENT_MES_AV_SUCC=5.6445040868610485
ROUTE_PAYMENT_HOPS_AV=4.445200000000001
ROUTE_PAYMENT_HOPS_AV_SUCC=4.195437355129924
ROUTE_PAYMENT_SUCCESS_DIRECT=0.8197
ROUTE_PAYMENT_SUCCESS=0.8197
