ROUTE_PAYMENT_MES_AV=5.849800000000003
ROUTE_PAYMENT_MES_AV_SUCC=4.7380464112250396
ROUTE_PAYMENT_HOPS_AV=5.546900000000004
ROUTE_PAYMENT_HOPS_AV_SUCC=4.6375607123583364
ROUTE_PAYMENT_SUCCESS_DIRECT=0.9265
ROUTE_PAYMENT_SUCCESS=0.9265
