ROUTE_PAYMENT_MES_AV=5.122800000000002
ROUTE_PAYMENT_MES_AV_SUCC=4.596866096866097
ROUTE_PAYMENT_HOPS_AV=25.691599999999994
ROUTE_PAYMENT_HOPS_AV_SUCC=23.122287968441796
ROUTE_PAYMENT_SUCCESS_DIRECT=0.9126
ROUTE_PAYMENT_SUCCESS=0.9126
