ROUTE_PAYMENT_MES_AV=5.048000000000002
ROUTE_PAYMENT_MES_AV_SUCC=4.418220150909898
ROUTE_PAYMENT_HOPS_AV=24.16029999999998
ROUTE_PAYMENT_HOPS_AV_SUCC=20.62450066577895
ROUTE_PAYMENT_SUCCESS_DIRECT=0.9012
ROUTE_PAYMENT_SUCCESS=0.9012
