ROUTE_PAYMENT_MES_AV=3.4692000000000003
ROUTE_PAYMENT_MES_AV_SUCC=3.6866278042748633
ROUTE_PAYMENT_HOPS_AV=19.596300000000006
ROUTE_PAYMENT_HOPS_AV_SUCC=26.831831831831828
ROUTE_PAYMENT_SUCCESS_DIRECT=0.5661
ROUTE_PAYMENT_SUCCESS=0.5661
