ROUTE_PAYMENT_MES_AV=6.007605	6.007300000000001	5.842199999999998	6.2027	0.01482966347500012	0.012448030570454708	0.017740548136111187	5.9542338302519235	6.060976169748076
ROUTE_PAYMENT_MES_AV_SUCC=4.706993614861062	4.701211120286266	4.562198923207707	4.923593043954539	0.0077754572413401574	0.006315529859921228	0.009559812929741075	4.668347660002674	4.745639569719451
ROUTE_PAYMENT_HOPS_AV=27.570670000000007	27.591900000000006	26.59760000000001	28.794	0.3469939671000011	0.3253909369000044	0.36859699729999784	27.31250222276867	27.828837777231342
ROUTE_PAYMENT_HOPS_AV_SUCC=26.595136088307203	26.8576933663639	25.137836353651835	27.631623449830883	0.4994756370916811	0.7171410211743485	0.35436538103656945	26.28539542198686	26.904876754627548
ROUTE_PAYMENT_SUCCESS_DIRECT=0.71953	0.7209	0.7049	0.7324	7.800710000000016E-5	9.729690000000033E-5	6.222453636363637E-5	0.7156591339770021	0.7234008660229979
ROUTE_PAYMENT_SUCCESS=0.71953	0.7209	0.7049	0.7324	7.800710000000016E-5	9.729690000000033E-5	6.222453636363637E-5	0.7156591339770021	0.7234008660229979
