ROUTE_PAYMENT_MES_AV=5.309400000000001
ROUTE_PAYMENT_MES_AV_SUCC=4.5518191841234845
ROUTE_PAYMENT_HOPS_AV=5.162399999999999
ROUTE_PAYMENT_HOPS_AV_SUCC=4.513671444321941
ROUTE_PAYMENT_SUCCESS_DIRECT=0.907
ROUTE_PAYMENT_SUCCESS=0.907
