ROUTE_PAYMENT_MES_AV=6.851699999999999
ROUTE_PAYMENT_MES_AV_SUCC=5.443210821847879
ROUTE_PAYMENT_HOPS_AV=18.99860000000001
ROUTE_PAYMENT_HOPS_AV_SUCC=17.788284839203673
ROUTE_PAYMENT_SUCCESS_DIRECT=0.7836
ROUTE_PAYMENT_SUCCESS=0.7836
