ROUTE_PAYMENT_MES_AV=4.667499999999999
ROUTE_PAYMENT_MES_AV_SUCC=4.090355805243446
ROUTE_PAYMENT_HOPS_AV=3.4924999999999997
ROUTE_PAYMENT_HOPS_AV_SUCC=3.7509363295880154
ROUTE_PAYMENT_SUCCESS_DIRECT=0.6408
ROUTE_PAYMENT_SUCCESS=0.6408
