ROUTE_PAYMENT_MES_AV=3.3974
ROUTE_PAYMENT_MES_AV_SUCC=3.3974
ROUTE_PAYMENT_HOPS_AV=3.1992000000000007
ROUTE_PAYMENT_HOPS_AV_SUCC=3.1992000000000007
ROUTE_PAYMENT_SUCCESS_DIRECT=1.0
ROUTE_PAYMENT_SUCCESS=1.0
ROUTE_PAYMENT_FEE_AV=0.004035317067052197
ROUTE_PAYMENT_FEE_MED=0.005325613563085536
ROUTE_PAYMENT_FEE_Q1=0.0010323828153960012
ROUTE_PAYMENT_FEE_Q3=0.005625021719205954
