ROUTE_PAYMENT_MES_AV=6.605300000000001
ROUTE_PAYMENT_MES_AV_SUCC=5.7331159757801595
ROUTE_PAYMENT_HOPS_AV=4.2658
ROUTE_PAYMENT_HOPS_AV_SUCC=4.1682580344666995
ROUTE_PAYMENT_SUCCESS_DIRECT=0.8588
ROUTE_PAYMENT_SUCCESS=0.8588
