ROUTE_PAYMENT_MES_AV=4.663299999999998
ROUTE_PAYMENT_MES_AV_SUCC=4.118056654533945
ROUTE_PAYMENT_HOPS_AV=3.5316
ROUTE_PAYMENT_HOPS_AV_SUCC=3.800601360974839
ROUTE_PAYMENT_SUCCESS_DIRECT=0.6319
ROUTE_PAYMENT_SUCCESS=0.6319
