ROUTE_PAYMENT_MES_AV=4.9022
ROUTE_PAYMENT_MES_AV_SUCC=4.515919896268551
ROUTE_PAYMENT_HOPS_AV=12.423100000000002
ROUTE_PAYMENT_HOPS_AV_SUCC=14.96110070595015
ROUTE_PAYMENT_SUCCESS_DIRECT=0.6941
ROUTE_PAYMENT_SUCCESS=0.6941
