ROUTE_PAYMENT_MES_AV=3.86
ROUTE_PAYMENT_MES_AV_SUCC=3.8540108769544523
ROUTE_PAYMENT_HOPS_AV=16.396199999999997
ROUTE_PAYMENT_HOPS_AV_SUCC=21.900577838205304
ROUTE_PAYMENT_SUCCESS_DIRECT=0.5884
ROUTE_PAYMENT_SUCCESS=0.5884
