ROUTE_PAYMENT_MES_AV=5.2444999999999995
ROUTE_PAYMENT_MES_AV_SUCC=4.823237737871883
ROUTE_PAYMENT_HOPS_AV=10.9764
ROUTE_PAYMENT_HOPS_AV_SUCC=12.350978290002676
ROUTE_PAYMENT_SUCCESS_DIRECT=0.7462
ROUTE_PAYMENT_SUCCESS=0.7462
