ROUTE_PAYMENT_MES_AV=7.043899999999999
ROUTE_PAYMENT_MES_AV_SUCC=5.85083960625362
ROUTE_PAYMENT_HOPS_AV=4.4540999999999995
ROUTE_PAYMENT_HOPS_AV_SUCC=4.205906195715112
ROUTE_PAYMENT_SUCCESS_DIRECT=0.8635
ROUTE_PAYMENT_SUCCESS=0.8635
