ROUTE_PAYMENT_MES_AV=5.000500000000001
ROUTE_PAYMENT_MES_AV_SUCC=4.413037207960774
ROUTE_PAYMENT_HOPS_AV=3.6703999999999986
ROUTE_PAYMENT_HOPS_AV_SUCC=3.862417075281223
ROUTE_PAYMENT_SUCCESS_DIRECT=0.6934
ROUTE_PAYMENT_SUCCESS=0.6934
