ROUTE_PAYMENT_MES_AV=5.459000000000002
ROUTE_PAYMENT_MES_AV_SUCC=4.568802349613837
ROUTE_PAYMENT_HOPS_AV=5.327699999999996
ROUTE_PAYMENT_HOPS_AV_SUCC=4.531926465789187
ROUTE_PAYMENT_SUCCESS_DIRECT=0.9193
ROUTE_PAYMENT_SUCCESS=0.9193
