ROUTE_PAYMENT_MES_AV=8.193499999999997
ROUTE_PAYMENT_MES_AV_SUCC=6.6353579175704995
ROUTE_PAYMENT_HOPS_AV=7.967600000000001
ROUTE_PAYMENT_HOPS_AV_SUCC=7.123101952277659
ROUTE_PAYMENT_SUCCESS_DIRECT=0.922
ROUTE_PAYMENT_SUCCESS=0.922
