ROUTE_PAYMENT_MES_AV=5.684400000000001
ROUTE_PAYMENT_MES_AV_SUCC=4.607900432900433
ROUTE_PAYMENT_HOPS_AV=5.432699999999999
ROUTE_PAYMENT_HOPS_AV_SUCC=4.529870129870129
ROUTE_PAYMENT_SUCCESS_DIRECT=0.924
ROUTE_PAYMENT_SUCCESS=0.924
