ROUTE_PAYMENT_MES_AV=5.1764
ROUTE_PAYMENT_MES_AV_SUCC=4.578222918531782
ROUTE_PAYMENT_HOPS_AV=37.78939999999999
ROUTE_PAYMENT_HOPS_AV_SUCC=32.81210832587285
ROUTE_PAYMENT_SUCCESS_DIRECT=0.8936
ROUTE_PAYMENT_SUCCESS=0.8936
