ROUTE_PAYMENT_MES_AV=5.9339
ROUTE_PAYMENT_MES_AV_SUCC=4.765549727009958
ROUTE_PAYMENT_HOPS_AV=5.5796
ROUTE_PAYMENT_HOPS_AV_SUCC=4.643935338828822
ROUTE_PAYMENT_SUCCESS_DIRECT=0.9341
ROUTE_PAYMENT_SUCCESS=0.9341
