ROUTE_PAYMENT_MES_AV=5.802500000000004
ROUTE_PAYMENT_MES_AV_SUCC=4.789292994313915
ROUTE_PAYMENT_HOPS_AV=5.529400000000001
ROUTE_PAYMENT_HOPS_AV_SUCC=4.682759360583628
ROUTE_PAYMENT_SUCCESS_DIRECT=0.9321
ROUTE_PAYMENT_SUCCESS=0.9321
