ROUTE_PAYMENT_MES_AV=11.030000000000001
ROUTE_PAYMENT_MES_AV_SUCC=18.74285714285714
ROUTE_PAYMENT_HOPS_AV=2.6599999999999997
ROUTE_PAYMENT_HOPS_AV_SUCC=2.8571428571428568
ROUTE_PAYMENT_SUCCESS_DIRECT=0.35
ROUTE_PAYMENT_SUCCESS=0.35
ROUTE_PAYMENT_FEE_AV=0.3697024748515718
ROUTE_PAYMENT_FEE_MED=0.3046422240408966
ROUTE_PAYMENT_FEE_Q1=0.008137772421949041
ROUTE_PAYMENT_FEE_Q3=0.6042919163813367
