ROUTE_PAYMENT_MES_AV=10.67
ROUTE_PAYMENT_MES_AV_SUCC=14.34920634920635
ROUTE_PAYMENT_HOPS_AV=2.7800000000000002
ROUTE_PAYMENT_HOPS_AV_SUCC=3.2222222222222214
ROUTE_PAYMENT_SUCCESS_DIRECT=0.63
ROUTE_PAYMENT_SUCCESS=0.63
ROUTE_PAYMENT_FEE_AV=1.3972462832456571
ROUTE_PAYMENT_FEE_MED=2.7944925664913143
ROUTE_PAYMENT_FEE_Q1=1.0959150812964888
ROUTE_PAYMENT_FEE_Q3=1.6985774851948254
