ROUTE_PAYMENT_MES_AV=5.114999999999999
ROUTE_PAYMENT_MES_AV_SUCC=4.420334507042254
ROUTE_PAYMENT_HOPS_AV=31.03109999999997
ROUTE_PAYMENT_HOPS_AV_SUCC=26.356734154929576
ROUTE_PAYMENT_SUCCESS_DIRECT=0.9088
ROUTE_PAYMENT_SUCCESS=0.9088
