ROUTE_PAYMENT_MES_AV=5.092700000000001
ROUTE_PAYMENT_MES_AV_SUCC=4.44799176107106
ROUTE_PAYMENT_HOPS_AV=3.705999999999999
ROUTE_PAYMENT_HOPS_AV_SUCC=3.9002501103427982
ROUTE_PAYMENT_SUCCESS_DIRECT=0.6797
ROUTE_PAYMENT_SUCCESS=0.6797
