ROUTE_PAYMENT_MES_AV=5.459999999999998
ROUTE_PAYMENT_MES_AV_SUCC=4.66203104786546
ROUTE_PAYMENT_HOPS_AV=5.238500000000002
ROUTE_PAYMENT_HOPS_AV_SUCC=4.569103061664508
ROUTE_PAYMENT_SUCCESS_DIRECT=0.9276
ROUTE_PAYMENT_SUCCESS=0.9276
