ROUTE_PAYMENT_MES_AV=6.0436000000000005
ROUTE_PAYMENT_MES_AV_SUCC=4.7770714362676445
ROUTE_PAYMENT_HOPS_AV=5.638699999999998
ROUTE_PAYMENT_HOPS_AV_SUCC=4.631828466760051
ROUTE_PAYMENT_SUCCESS_DIRECT=0.9281
ROUTE_PAYMENT_SUCCESS=0.9281
