ROUTE_PAYMENT_MES_AV=7.135599999999997
ROUTE_PAYMENT_MES_AV_SUCC=5.656458993312214
ROUTE_PAYMENT_HOPS_AV=4.413700000000002
ROUTE_PAYMENT_HOPS_AV_SUCC=4.1281239000352
ROUTE_PAYMENT_SUCCESS_DIRECT=0.8523
ROUTE_PAYMENT_SUCCESS=0.8523
