ROUTE_PAYMENT_MES_AV=7.351200000000001
ROUTE_PAYMENT_MES_AV_SUCC=6.463538844945284
ROUTE_PAYMENT_HOPS_AV=4.569499999999999
ROUTE_PAYMENT_HOPS_AV_SUCC=4.336981254740492
ROUTE_PAYMENT_SUCCESS_DIRECT=0.9229
ROUTE_PAYMENT_SUCCESS=0.9229
