ROUTE_PAYMENT_MES_AV=5.7715000000000005
ROUTE_PAYMENT_MES_AV_SUCC=4.666233906740237
ROUTE_PAYMENT_HOPS_AV=5.510899999999999
ROUTE_PAYMENT_HOPS_AV_SUCC=4.5749215622633335
ROUTE_PAYMENT_SUCCESS_DIRECT=0.9243
ROUTE_PAYMENT_SUCCESS=0.9243
