ROUTE_PAYMENT_MES_AV=5.480299999999997
ROUTE_PAYMENT_MES_AV_SUCC=4.550359712230215
ROUTE_PAYMENT_HOPS_AV=14.687100000000008
ROUTE_PAYMENT_HOPS_AV_SUCC=12.429365598430344
ROUTE_PAYMENT_SUCCESS_DIRECT=0.9174
ROUTE_PAYMENT_SUCCESS=0.9174
