ROUTE_PAYMENT_MES_AV=7.178100000000004
ROUTE_PAYMENT_MES_AV_SUCC=5.507239203068928
ROUTE_PAYMENT_HOPS_AV=4.4609000000000005
ROUTE_PAYMENT_HOPS_AV_SUCC=4.108649919564411
ROUTE_PAYMENT_SUCCESS_DIRECT=0.8081
ROUTE_PAYMENT_SUCCESS=0.8081
