ROUTE_PAYMENT_MES_AV=6.7570000000000014
ROUTE_PAYMENT_MES_AV_SUCC=5.482413318312683
ROUTE_PAYMENT_HOPS_AV=4.3017
ROUTE_PAYMENT_HOPS_AV_SUCC=4.1341845036925795
ROUTE_PAYMENT_SUCCESS_DIRECT=0.7989
ROUTE_PAYMENT_SUCCESS=0.7989
