ROUTE_PAYMENT_MES_AV=5.783099999999998
ROUTE_PAYMENT_MES_AV_SUCC=4.690476190476187
ROUTE_PAYMENT_HOPS_AV=16.105200000000004
ROUTE_PAYMENT_HOPS_AV_SUCC=12.790777849601364
ROUTE_PAYMENT_SUCCESS_DIRECT=0.9282
ROUTE_PAYMENT_SUCCESS=0.9282
