ROUTE_PAYMENT_MES_AV=3.8344
ROUTE_PAYMENT_MES_AV_SUCC=3.8508933043913847
ROUTE_PAYMENT_HOPS_AV=16.700200000000002
ROUTE_PAYMENT_HOPS_AV_SUCC=21.990315578560693
ROUTE_PAYMENT_SUCCESS_DIRECT=0.5989
ROUTE_PAYMENT_SUCCESS=0.5989
