ROUTE_PAYMENT_MES_AV=8.829700000000003
ROUTE_PAYMENT_MES_AV_SUCC=7.261486278137528
ROUTE_PAYMENT_HOPS_AV=5.004900000000001
ROUTE_PAYMENT_HOPS_AV_SUCC=4.561208757323466
ROUTE_PAYMENT_SUCCESS_DIRECT=0.9729
ROUTE_PAYMENT_SUCCESS=0.9729
