ROUTE_PAYMENT_MES_AV=5.635899999999999
ROUTE_PAYMENT_MES_AV_SUCC=4.670482773517659
ROUTE_PAYMENT_HOPS_AV=21.68350000000002
ROUTE_PAYMENT_HOPS_AV_SUCC=17.967491089750517
ROUTE_PAYMENT_SUCCESS_DIRECT=0.9259
ROUTE_PAYMENT_SUCCESS=0.9259
