ROUTE_PAYMENT_MES_AV=5.602099999999999
ROUTE_PAYMENT_MES_AV_SUCC=4.638954360402827
ROUTE_PAYMENT_HOPS_AV=11.895900000000006
ROUTE_PAYMENT_HOPS_AV_SUCC=9.790443539747159
ROUTE_PAYMENT_SUCCESS_DIRECT=0.9334
ROUTE_PAYMENT_SUCCESS=0.9334
