ROUTE_PAYMENT_MES_AV=6.705500000000001
ROUTE_PAYMENT_MES_AV_SUCC=5.472242967388598
ROUTE_PAYMENT_HOPS_AV=4.282300000000002
ROUTE_PAYMENT_HOPS_AV_SUCC=4.1421458800099575
ROUTE_PAYMENT_SUCCESS_DIRECT=0.8034
ROUTE_PAYMENT_SUCCESS=0.8034
