ROUTE_PAYMENT_MES_AV=3.5111
ROUTE_PAYMENT_MES_AV_SUCC=3.720468251152891
ROUTE_PAYMENT_HOPS_AV=19.321499999999993
ROUTE_PAYMENT_HOPS_AV_SUCC=26.438808087974454
ROUTE_PAYMENT_SUCCESS_DIRECT=0.5638
ROUTE_PAYMENT_SUCCESS=0.5638
