ROUTE_PAYMENT_MES_AV=5.865499999999996
ROUTE_PAYMENT_MES_AV_SUCC=4.9146171195360315
ROUTE_PAYMENT_HOPS_AV=5.5783999999999985
ROUTE_PAYMENT_HOPS_AV_SUCC=4.788851895607343
ROUTE_PAYMENT_SUCCESS_DIRECT=0.9311
ROUTE_PAYMENT_SUCCESS=0.9311
