ROUTE_PAYMENT_MES_AV=5.6519
ROUTE_PAYMENT_MES_AV_SUCC=4.628973367697596
ROUTE_PAYMENT_HOPS_AV=5.346600000000003
ROUTE_PAYMENT_HOPS_AV_SUCC=4.528994845360828
ROUTE_PAYMENT_SUCCESS_DIRECT=0.9312
ROUTE_PAYMENT_SUCCESS=0.9312
