ROUTE_PAYMENT_MES_AV=5.834000000000003
ROUTE_PAYMENT_MES_AV_SUCC=4.478279089258277
ROUTE_PAYMENT_HOPS_AV=30.157100000000007
ROUTE_PAYMENT_HOPS_AV_SUCC=28.734739488755416
ROUTE_PAYMENT_SUCCESS_DIRECT=0.7159
ROUTE_PAYMENT_SUCCESS=0.7159
