ROUTE_PAYMENT_MES_AV=5.671299999999999
ROUTE_PAYMENT_MES_AV_SUCC=4.7379893720854565
ROUTE_PAYMENT_HOPS_AV=40.030600000000014
ROUTE_PAYMENT_HOPS_AV_SUCC=33.17807179264722
ROUTE_PAYMENT_SUCCESS_DIRECT=0.9221
ROUTE_PAYMENT_SUCCESS=0.9221
