ROUTE_PAYMENT_MES_AV=5.211500000000002
ROUTE_PAYMENT_MES_AV_SUCC=4.578185745140388
ROUTE_PAYMENT_HOPS_AV=11.617699999999985
ROUTE_PAYMENT_HOPS_AV_SUCC=9.823002159827217
ROUTE_PAYMENT_SUCCESS_DIRECT=0.926
ROUTE_PAYMENT_SUCCESS=0.926
