ROUTE_PAYMENT_MES_AV=6.5348000000000015
ROUTE_PAYMENT_MES_AV_SUCC=5.359695443939578
ROUTE_PAYMENT_HOPS_AV=4.213900000000001
ROUTE_PAYMENT_HOPS_AV_SUCC=4.098243890458059
ROUTE_PAYMENT_SUCCESS_DIRECT=0.8143
ROUTE_PAYMENT_SUCCESS=0.8143
