ROUTE_PAYMENT_MES_AV=5.901699999999998
ROUTE_PAYMENT_MES_AV_SUCC=4.625246826516218
ROUTE_PAYMENT_HOPS_AV=27.5331
ROUTE_PAYMENT_HOPS_AV_SUCC=26.876727785613543
ROUTE_PAYMENT_SUCCESS_DIRECT=0.709
ROUTE_PAYMENT_SUCCESS=0.709
