ROUTE_PAYMENT_MES_AV=104.40879999999999
ROUTE_PAYMENT_MES_AV_SUCC=60.455871150288395
ROUTE_PAYMENT_HOPS_AV=5.2041
ROUTE_PAYMENT_HOPS_AV_SUCC=4.6446838611383185
ROUTE_PAYMENT_SUCCESS_DIRECT=0.9189
ROUTE_PAYMENT_SUCCESS=0.9189
ROUTE_PAYMENT_FEE_AV=33.51269220390081
ROUTE_PAYMENT_FEE_MED=18.023665984383143
ROUTE_PAYMENT_FEE_Q1=9.200818704511407
ROUTE_PAYMENT_FEE_Q3=37.34314537193707
