TRANSACTION_STATS_RECOMPUTED=70.33333333333333	74.0	37.0	100.0	668.2222222222223	1111.1111111111109	446.77777777777794	41.08131067455587	99.58535599211078
TRANSACTION_STATS_EQUALS_FLOW=0.0	0.0	0.0	0.0	0.0	0.0	0.0	0.0	0.0
