TRANSACTION_STATS_RECOMPUTED=70.66666666666667	70.0	35.0	107.0	864.2222222222223	636.2777777777779	1320.1111111111109	37.40008639512443	103.93324693820891
TRANSACTION_STATS_EQUALS_FLOW=0.0	0.0	0.0	0.0	0.0	0.0	0.0	0.0	0.0
