ROUTE_PAYMENT_MES_AV=5.375699999999999
ROUTE_PAYMENT_MES_AV_SUCC=4.573497147871875
ROUTE_PAYMENT_HOPS_AV=5.276199999999999
ROUTE_PAYMENT_HOPS_AV_SUCC=4.556274681878017
ROUTE_PAYMENT_SUCCESS_DIRECT=0.9116
ROUTE_PAYMENT_SUCCESS=0.9116
