ROUTE_PAYMENT_MES_AV=5.261600000000003
ROUTE_PAYMENT_MES_AV_SUCC=4.618812965396408
ROUTE_PAYMENT_HOPS_AV=22.592100000000013
ROUTE_PAYMENT_HOPS_AV_SUCC=19.736530880420503
ROUTE_PAYMENT_SUCCESS_DIRECT=0.9132
ROUTE_PAYMENT_SUCCESS=0.9132
