ROUTE_PAYMENT_MES_AV=3.5601000000000003
ROUTE_PAYMENT_MES_AV_SUCC=3.723198594024605
ROUTE_PAYMENT_HOPS_AV=18.669300000000003
ROUTE_PAYMENT_HOPS_AV_SUCC=25.568189806678387
ROUTE_PAYMENT_SUCCESS_DIRECT=0.569
ROUTE_PAYMENT_SUCCESS=0.569
