ROUTE_PAYMENT_MES_AV=5.899
ROUTE_PAYMENT_MES_AV_SUCC=4.795363449247104
ROUTE_PAYMENT_HOPS_AV=22.185799999999983
ROUTE_PAYMENT_HOPS_AV_SUCC=18.130971725706846
ROUTE_PAYMENT_SUCCESS_DIRECT=0.9231
ROUTE_PAYMENT_SUCCESS=0.9231
