ROUTE_PAYMENT_MES_AV=9.178785000000001	9.1038	8.4583	10.194100000000002	0.2161688972750012	0.12207178330192353	0.3909206803678598	8.97501620506667	9.382553794933333
ROUTE_PAYMENT_MES_AV_SUCC=7.1673232156205815	7.1690910966676995	6.637020222864221	7.52140876886744	0.04149745964169922	0.042518365539752814	0.04047655374364563	7.0780436992241675	7.2566027320169955
ROUTE_PAYMENT_HOPS_AV=5.0533600000000005	5.052299999999999	4.868600000000004	5.2771999999999935	0.014148632399999889	0.011669173963636347	0.017179081599999774	5.001228730004038	5.105491269995963
ROUTE_PAYMENT_HOPS_AV_SUCC=4.510589528303818	4.50175077239959	4.310049525381758	4.624088715473866	0.005213581893156007	0.005199209741439503	0.005231147856365064	4.478944231496277	4.542234825111359
ROUTE_PAYMENT_SUCCESS_DIRECT=0.9711500000000001	0.9715	0.9615	0.9762	1.4970499999999878E-5	2.004650000000032E-5	9.894499999999436E-6	0.9694542601496693	0.9728457398503308
ROUTE_PAYMENT_SUCCESS=0.9711500000000001	0.9715	0.9615	0.9762	1.4970499999999878E-5	2.004650000000032E-5	9.894499999999436E-6	0.9694542601496693	0.9728457398503308
