ROUTE_PAYMENT_MES_AV=5.857000000000001
ROUTE_PAYMENT_MES_AV_SUCC=4.8559114611046095
ROUTE_PAYMENT_HOPS_AV=13.011499999999995
ROUTE_PAYMENT_HOPS_AV_SUCC=10.7723741619666
ROUTE_PAYMENT_SUCCESS_DIRECT=0.9397
ROUTE_PAYMENT_SUCCESS=0.9397
