ROUTE_PAYMENT_MES_AV=6.4865
ROUTE_PAYMENT_MES_AV_SUCC=5.01081081081081
ROUTE_PAYMENT_HOPS_AV=4.178100000000001
ROUTE_PAYMENT_HOPS_AV_SUCC=4.053513513513512
ROUTE_PAYMENT_SUCCESS_DIRECT=0.74
ROUTE_PAYMENT_SUCCESS=0.74
