ROUTE_PAYMENT_MES_AV=5.992900000000003
ROUTE_PAYMENT_MES_AV_SUCC=4.870318852985235
ROUTE_PAYMENT_HOPS_AV=13.231199999999996
ROUTE_PAYMENT_HOPS_AV_SUCC=10.705649475711535
ROUTE_PAYMENT_SUCCESS_DIRECT=0.9346
ROUTE_PAYMENT_SUCCESS=0.9346
