ROUTE_PAYMENT_MES_AV=5.851300000000004
ROUTE_PAYMENT_MES_AV_SUCC=4.783824640967499
ROUTE_PAYMENT_HOPS_AV=5.538699999999998
ROUTE_PAYMENT_HOPS_AV_SUCC=4.667746463664831
ROUTE_PAYMENT_SUCCESS_DIRECT=0.9261
ROUTE_PAYMENT_SUCCESS=0.9261
