ROUTE_PAYMENT_MES_AV=5.912499999999996
ROUTE_PAYMENT_MES_AV_SUCC=4.853563714902807
ROUTE_PAYMENT_HOPS_AV=5.6421
ROUTE_PAYMENT_HOPS_AV_SUCC=4.755291576673864
ROUTE_PAYMENT_SUCCESS_DIRECT=0.926
ROUTE_PAYMENT_SUCCESS=0.926
