ROUTE_PAYMENT_MES_AV=5.6706
ROUTE_PAYMENT_MES_AV_SUCC=4.782434481264893
ROUTE_PAYMENT_HOPS_AV=38.65220000000004
ROUTE_PAYMENT_HOPS_AV_SUCC=32.3869395711501
ROUTE_PAYMENT_SUCCESS_DIRECT=0.9234
ROUTE_PAYMENT_SUCCESS=0.9234
