ROUTE_PAYMENT_MES_AV=5.7943
ROUTE_PAYMENT_MES_AV_SUCC=4.831673626726628
ROUTE_PAYMENT_HOPS_AV=13.696600000000004
ROUTE_PAYMENT_HOPS_AV_SUCC=11.470392975693326
ROUTE_PAYMENT_SUCCESS_DIRECT=0.9339
ROUTE_PAYMENT_SUCCESS=0.9339
