ROUTE_PAYMENT_MES_AV=5.982799999999998
ROUTE_PAYMENT_MES_AV_SUCC=4.728881650380021
ROUTE_PAYMENT_HOPS_AV=5.6588
ROUTE_PAYMENT_HOPS_AV_SUCC=4.612052117263844
ROUTE_PAYMENT_SUCCESS_DIRECT=0.921
ROUTE_PAYMENT_SUCCESS=0.921
