ROUTE_PAYMENT_MES_AV=5.6998750000000005	5.673900000000003	5.459000000000002	5.915799999999997	0.01442745087499989	0.011211425624999964	0.01925148874999977	5.6472325763849165	5.7525174236150844
ROUTE_PAYMENT_MES_AV_SUCC=4.657447638510838	4.661048082117775	4.514304433282377	4.779965382951103	0.0037430468388740465	0.004041744730116445	0.003444348947631648	4.630634126305032	4.684261150716645
ROUTE_PAYMENT_HOPS_AV=43.99110500000001	44.100900000000024	41.61130000000002	45.848299999999995	1.11562755047499	1.1034068410249993	1.1278482599249802	43.52819060197891	44.45401939802111
ROUTE_PAYMENT_HOPS_AV_SUCC=35.539356613323406	35.56129807692311	34.35297320845132	36.70359151882302	0.2539683412181086	0.25526040572049685	0.25267627671572035	35.31848959681534	35.76022362983147
ROUTE_PAYMENT_SUCCESS_DIRECT=0.9222699999999999	0.9235	0.9144	0.929	1.9126100000000057E-5	3.2285471428570545E-5	1.2040284615385184E-5	0.9203532993744457	0.9241867006255542
ROUTE_PAYMENT_SUCCESS=0.9222699999999999	0.9235	0.9144	0.929	1.9126100000000057E-5	3.2285471428570545E-5	1.2040284615385184E-5	0.9203532993744457	0.9241867006255542
