ROUTE_PAYMENT_MES_AV=6.032700000000003
ROUTE_PAYMENT_MES_AV_SUCC=4.853465769518315
ROUTE_PAYMENT_HOPS_AV=5.716100000000003
ROUTE_PAYMENT_HOPS_AV_SUCC=4.721990814909752
ROUTE_PAYMENT_SUCCESS_DIRECT=0.9363
ROUTE_PAYMENT_SUCCESS=0.9363
