ROUTE_PAYMENT_MES_AV=5.963899999999997
ROUTE_PAYMENT_MES_AV_SUCC=4.582009818076811
ROUTE_PAYMENT_HOPS_AV=29.809199999999986
ROUTE_PAYMENT_HOPS_AV_SUCC=28.788333814611608
ROUTE_PAYMENT_SUCCESS_DIRECT=0.6926
ROUTE_PAYMENT_SUCCESS=0.6926
