ROUTE_PAYMENT_MES_AV=3.6460400000000006	3.625	3.5494000000000003	3.8344	0.00426748739999998	0.0028602743272727843	0.005987414488888773	3.6174096143967294	3.674670385603272
ROUTE_PAYMENT_MES_AV_SUCC=3.772824187714348	3.7706185567010304	3.6919682259488082	3.8508933043913847	0.002020313394981395	0.0018583727397453907	0.0022182408624920663	3.7531249035418703	3.7925234718868257
ROUTE_PAYMENT_HOPS_AV=18.04536	18.12819999999999	16.700200000000002	18.669300000000003	0.17662459239999834	0.25360282982221977	0.11364239814545352	17.861169740463314	18.229550259536683
ROUTE_PAYMENT_HOPS_AV_SUCC=24.428716659458427	24.52146151117418	21.990315578560693	25.568189806678387	0.5204771892343217	0.9015713799257667	0.2664143954400251	24.11253117827985	24.744902140637006
ROUTE_PAYMENT_SUCCESS_DIRECT=0.57792	0.5758	0.5638	0.5989	8.202559999999996E-5	6.174876363636355E-5	1.068084E-4	0.573950683025003	0.581889316974997
ROUTE_PAYMENT_SUCCESS=0.57792	0.5758	0.5638	0.5989	8.202559999999996E-5	6.174876363636355E-5	1.068084E-4	0.573950683025003	0.581889316974997
