ROUTE_PAYMENT_MES_AV=6.9231
ROUTE_PAYMENT_MES_AV_SUCC=5.58518971848225
ROUTE_PAYMENT_HOPS_AV=4.353299999999999
ROUTE_PAYMENT_HOPS_AV_SUCC=4.152019583843328
ROUTE_PAYMENT_SUCCESS_DIRECT=0.817
ROUTE_PAYMENT_SUCCESS=0.817
