ROUTE_PAYMENT_MES_AV=5.558200000000001
ROUTE_PAYMENT_MES_AV_SUCC=4.594699837750136
ROUTE_PAYMENT_HOPS_AV=5.293699999999998
ROUTE_PAYMENT_HOPS_AV_SUCC=4.49561925365062
ROUTE_PAYMENT_SUCCESS_DIRECT=0.9245
ROUTE_PAYMENT_SUCCESS=0.9245
