ROUTE_PAYMENT_MES_AV=5.7010000000000005
ROUTE_PAYMENT_MES_AV_SUCC=4.761996779388085
ROUTE_PAYMENT_HOPS_AV=10.119999999999996
ROUTE_PAYMENT_HOPS_AV_SUCC=8.544498121309717
ROUTE_PAYMENT_SUCCESS_DIRECT=0.9315
ROUTE_PAYMENT_SUCCESS=0.9315
