ROUTE_PAYMENT_MES_AV=5.9642
ROUTE_PAYMENT_MES_AV_SUCC=4.809015167699202
ROUTE_PAYMENT_HOPS_AV=5.6126000000000005
ROUTE_PAYMENT_HOPS_AV_SUCC=4.66876735740226
ROUTE_PAYMENT_SUCCESS_DIRECT=0.9362
ROUTE_PAYMENT_SUCCESS=0.9362
