ROUTE_PAYMENT_MES_AV=5.591100000000001
ROUTE_PAYMENT_MES_AV_SUCC=4.653207424291761
ROUTE_PAYMENT_HOPS_AV=5.4234
ROUTE_PAYMENT_HOPS_AV_SUCC=4.590144361228699
ROUTE_PAYMENT_SUCCESS_DIRECT=0.9213
ROUTE_PAYMENT_SUCCESS=0.9213
