ROUTE_PAYMENT_MES_AV=5.178300000000001
ROUTE_PAYMENT_MES_AV_SUCC=4.530690537084399
ROUTE_PAYMENT_HOPS_AV=3.719800000000001
ROUTE_PAYMENT_HOPS_AV_SUCC=3.876811594202899
ROUTE_PAYMENT_SUCCESS_DIRECT=0.7038
ROUTE_PAYMENT_SUCCESS=0.7038
