ROUTE_PAYMENT_MES_AV=7.7392999999999965
ROUTE_PAYMENT_MES_AV_SUCC=5.839550454328072
ROUTE_PAYMENT_HOPS_AV=4.616200000000001
ROUTE_PAYMENT_HOPS_AV_SUCC=4.185676709708276
ROUTE_PAYMENT_SUCCESS_DIRECT=0.8364
ROUTE_PAYMENT_SUCCESS=0.8364
