ROUTE_PAYMENT_MES_AV=5.2604
ROUTE_PAYMENT_MES_AV_SUCC=4.605970990001409
ROUTE_PAYMENT_HOPS_AV=3.7802000000000002
ROUTE_PAYMENT_HOPS_AV_SUCC=3.92803830446416
ROUTE_PAYMENT_SUCCESS_DIRECT=0.7101
ROUTE_PAYMENT_SUCCESS=0.7101
