ROUTE_PAYMENT_MES_AV=5.816799999999999
ROUTE_PAYMENT_MES_AV_SUCC=4.49393290506781
ROUTE_PAYMENT_HOPS_AV=29.738599999999995
ROUTE_PAYMENT_HOPS_AV_SUCC=28.615132048536775
ROUTE_PAYMENT_SUCCESS_DIRECT=0.7005
ROUTE_PAYMENT_SUCCESS=0.7005
