ROUTE_PAYMENT_MES_AV=5.492799999999996
ROUTE_PAYMENT_MES_AV_SUCC=4.636393371129525
ROUTE_PAYMENT_HOPS_AV=9.787300000000004
ROUTE_PAYMENT_HOPS_AV_SUCC=8.272350632359357
ROUTE_PAYMENT_SUCCESS_DIRECT=0.9172
ROUTE_PAYMENT_SUCCESS=0.9172
