ROUTE_PAYMENT_MES_AV=5.8296300000000025	5.822800000000001	5.575500000000001	6.193499999999998	0.028753934099999923	0.019618813233333653	0.04245661539999934	5.755312736447528	5.903947263552477
ROUTE_PAYMENT_MES_AV_SUCC=4.718878807820481	4.713837158943264	4.588505993150684	4.901736597993742	0.007024626087539375	0.005459424203681995	0.008937650612253949	4.682146122390546	4.755611493250416
ROUTE_PAYMENT_HOPS_AV=5.525474999999998	5.515999999999999	5.311200000000002	5.828600000000001	0.020521890875000094	0.01507195107954521	0.027182928402778292	5.46269088736575	5.588259112634247
ROUTE_PAYMENT_HOPS_AV_SUCC=4.60576706844146	4.604807275877003	4.487516142918638	4.781037644267068	0.0059673948529231245	0.004601556159624449	0.0076367532558437295	4.571911238761042	4.6396228981218774
ROUTE_PAYMENT_SUCCESS_DIRECT=0.9264649999999998	0.9292	0.9115	0.9358	4.4010274999999925E-5	6.519747499999667E-5	2.9885475000002116E-5	0.9235575107700971	0.9293724892299025
ROUTE_PAYMENT_SUCCESS=0.9264649999999998	0.9292	0.9115	0.9358	4.4010274999999925E-5	6.519747499999667E-5	2.9885475000002116E-5	0.9235575107700971	0.9293724892299025
