ROUTE_PAYMENT_MES_AV=6.280199999999999
ROUTE_PAYMENT_MES_AV_SUCC=5.636023828991941
ROUTE_PAYMENT_HOPS_AV=8.430200000000001
ROUTE_PAYMENT_HOPS_AV_SUCC=8.700969512907363
ROUTE_PAYMENT_SUCCESS_DIRECT=0.8561
ROUTE_PAYMENT_SUCCESS=0.8561
