ROUTE_PAYMENT_MES_AV=5.102
ROUTE_PAYMENT_MES_AV_SUCC=4.441021705766279
ROUTE_PAYMENT_HOPS_AV=5.018500000000003
ROUTE_PAYMENT_HOPS_AV_SUCC=4.4290725718044275
ROUTE_PAYMENT_SUCCESS_DIRECT=0.9122
ROUTE_PAYMENT_SUCCESS=0.9122
