ROUTE_PAYMENT_MES_AV=7.0436
ROUTE_PAYMENT_MES_AV_SUCC=6.062202043132806
ROUTE_PAYMENT_HOPS_AV=4.464399999999998
ROUTE_PAYMENT_HOPS_AV_SUCC=4.267877412031782
ROUTE_PAYMENT_SUCCESS_DIRECT=0.881
ROUTE_PAYMENT_SUCCESS=0.881
