ROUTE_PAYMENT_MES_AV=5.855300000000003
ROUTE_PAYMENT_MES_AV_SUCC=4.658274552360284
ROUTE_PAYMENT_HOPS_AV=5.5584999999999996
ROUTE_PAYMENT_HOPS_AV_SUCC=4.580466630493761
ROUTE_PAYMENT_SUCCESS_DIRECT=0.9215
ROUTE_PAYMENT_SUCCESS=0.9215
