ROUTE_PAYMENT_MES_AV=5.778900000000004
ROUTE_PAYMENT_MES_AV_SUCC=4.691083822744262
ROUTE_PAYMENT_HOPS_AV=5.474699999999999
ROUTE_PAYMENT_HOPS_AV_SUCC=4.572557394554191
ROUTE_PAYMENT_SUCCESS_DIRECT=0.9365
ROUTE_PAYMENT_SUCCESS=0.9365
