ROUTE_PAYMENT_MES_AV=5.679400000000003
ROUTE_PAYMENT_MES_AV_SUCC=4.688738883531556
ROUTE_PAYMENT_HOPS_AV=5.4249
ROUTE_PAYMENT_HOPS_AV_SUCC=4.578270652523305
ROUTE_PAYMENT_SUCCESS_DIRECT=0.9333
ROUTE_PAYMENT_SUCCESS=0.9333
