ROUTE_PAYMENT_MES_AV=4.649299999999998
ROUTE_PAYMENT_MES_AV_SUCC=4.340807174887893
ROUTE_PAYMENT_HOPS_AV=12.785900000000003
ROUTE_PAYMENT_HOPS_AV_SUCC=15.639162929745893
ROUTE_PAYMENT_SUCCESS_DIRECT=0.669
ROUTE_PAYMENT_SUCCESS=0.669
