ROUTE_PAYMENT_MES_AV=6.990305000000001	6.966300000000001	6.474100000000002	7.393100000000002	0.05362538547500005	0.04980425702500011	0.0582956535805555	6.888814290858534	7.0917957091414685
ROUTE_PAYMENT_MES_AV_SUCC=6.112638176974059	6.1129501230149845	5.69844916714532	6.463538844945284	0.04559745294579431	0.04692239882479422	0.044272507066794406	6.019052073508703	6.2062242804394145
ROUTE_PAYMENT_HOPS_AV=4.428695	4.427400000000001	4.195600000000001	4.5758	0.00881736747499993	0.009224914297727297	0.00831925469166648	4.387541143016748	4.469848856983252
ROUTE_PAYMENT_HOPS_AV_SUCC=4.267460885896822	4.268897008449417	4.108098793796668	4.358035917253923	0.003930618031086317	0.00497233327781532	0.003078305556489859	4.239983747919751	4.294938023873894
ROUTE_PAYMENT_SUCCESS_DIRECT=0.8899500000000001	0.8861	0.8588	0.9229	3.1679249999999994E-4	2.470352272727304E-4	4.0205138888888497E-4	0.88214939083148	0.8977506091685202
ROUTE_PAYMENT_SUCCESS=0.8899500000000001	0.8861	0.8588	0.9229	3.1679249999999994E-4	2.470352272727304E-4	4.0205138888888497E-4	0.88214939083148	0.8977506091685202
