ROUTE_PAYMENT_MES_AV=5.625199999999999
ROUTE_PAYMENT_MES_AV_SUCC=4.734959349593495
ROUTE_PAYMENT_HOPS_AV=43.19930000000007
ROUTE_PAYMENT_HOPS_AV_SUCC=35.948617886178866
ROUTE_PAYMENT_SUCCESS_DIRECT=0.9225
ROUTE_PAYMENT_SUCCESS=0.9225
