ROUTE_PAYMENT_MES_AV=5.791700000000003
ROUTE_PAYMENT_MES_AV_SUCC=4.722066738428416
ROUTE_PAYMENT_HOPS_AV=5.499900000000003
ROUTE_PAYMENT_HOPS_AV_SUCC=4.636060279870831
ROUTE_PAYMENT_SUCCESS_DIRECT=0.929
ROUTE_PAYMENT_SUCCESS=0.929
