ROUTE_PAYMENT_MES_AV=5.801499999999999
ROUTE_PAYMENT_MES_AV_SUCC=4.688375122110065
ROUTE_PAYMENT_HOPS_AV=37.22459999999999
ROUTE_PAYMENT_HOPS_AV_SUCC=29.98209052425921
ROUTE_PAYMENT_SUCCESS_DIRECT=0.9213
ROUTE_PAYMENT_SUCCESS=0.9213
