ROUTE_PAYMENT_MES_AV=5.690300000000001
ROUTE_PAYMENT_MES_AV_SUCC=4.675110966764098
ROUTE_PAYMENT_HOPS_AV=5.406700000000002
ROUTE_PAYMENT_HOPS_AV_SUCC=4.585146692649128
ROUTE_PAYMENT_SUCCESS_DIRECT=0.9237
ROUTE_PAYMENT_SUCCESS=0.9237
