ROUTE_PAYMENT_MES_AV=9.049499999999998
ROUTE_PAYMENT_MES_AV_SUCC=7.01794369392596
ROUTE_PAYMENT_HOPS_AV=5.0353
ROUTE_PAYMENT_HOPS_AV_SUCC=4.488398473754771
ROUTE_PAYMENT_SUCCESS_DIRECT=0.9697
ROUTE_PAYMENT_SUCCESS=0.9697
