ROUTE_PAYMENT_MES_AV=7.796600000000001
ROUTE_PAYMENT_MES_AV_SUCC=6.553554197491151
ROUTE_PAYMENT_HOPS_AV=4.6377000000000015
ROUTE_PAYMENT_HOPS_AV_SUCC=4.330652943068511
ROUTE_PAYMENT_SUCCESS_DIRECT=0.9327
ROUTE_PAYMENT_SUCCESS=0.9327
