ROUTE_PAYMENT_MES_AV=5.8984000000000005
ROUTE_PAYMENT_MES_AV_SUCC=4.846028822190919
ROUTE_PAYMENT_HOPS_AV=5.606000000000001
ROUTE_PAYMENT_HOPS_AV_SUCC=4.770939430057431
ROUTE_PAYMENT_SUCCESS_DIRECT=0.9229
ROUTE_PAYMENT_SUCCESS=0.9229
