ROUTE_PAYMENT_MES_AV=7.702399999999999
ROUTE_PAYMENT_MES_AV_SUCC=6.644751023927574
ROUTE_PAYMENT_HOPS_AV=4.6521
ROUTE_PAYMENT_HOPS_AV_SUCC=4.3987928432851895
ROUTE_PAYMENT_SUCCESS_DIRECT=0.9278
ROUTE_PAYMENT_SUCCESS=0.9278
