ROUTE_PAYMENT_MES_AV=5.655500000000001
ROUTE_PAYMENT_MES_AV_SUCC=4.679123711340209
ROUTE_PAYMENT_HOPS_AV=28.23409999999998
ROUTE_PAYMENT_HOPS_AV_SUCC=23.365549828178683
ROUTE_PAYMENT_SUCCESS_DIRECT=0.9312
ROUTE_PAYMENT_SUCCESS=0.9312
