ROUTE_PAYMENT_MES_AV=5.667300000000002
ROUTE_PAYMENT_MES_AV_SUCC=4.753842846393638
ROUTE_PAYMENT_HOPS_AV=5.394000000000001
ROUTE_PAYMENT_HOPS_AV_SUCC=4.632591637106309
ROUTE_PAYMENT_SUCCESS_DIRECT=0.9303
ROUTE_PAYMENT_SUCCESS=0.9303
