ROUTE_PAYMENT_MES_AV=5.169999999999998
ROUTE_PAYMENT_MES_AV_SUCC=4.567348725243461
ROUTE_PAYMENT_HOPS_AV=5.076199999999995
ROUTE_PAYMENT_HOPS_AV_SUCC=4.549950760477079
ROUTE_PAYMENT_SUCCESS_DIRECT=0.9139
ROUTE_PAYMENT_SUCCESS=0.9139
