ROUTE_PAYMENT_MES_AV=5.121815	5.1439	4.8855	5.284699999999996	0.00832621327499988	0.014015374349999886	0.004533439224999879	5.081823762886577	5.161806237113423
ROUTE_PAYMENT_MES_AV_SUCC=4.508447658361009	4.525244747552524	4.384009758261257	4.594839995570811	0.0033972511194700476	0.004343937316760214	0.0026226896853235493	4.482902717667638	4.533992599054379
ROUTE_PAYMENT_HOPS_AV=5.066655000000001	5.085999999999999	4.835399999999999	5.228099999999999	0.008030872475000037	0.018028429025000327	0.0037462053821427713	5.027379435268249	5.105930564731753
ROUTE_PAYMENT_HOPS_AV_SUCC=4.508221139679964	4.525244747552524	4.383787979596365	4.594286347026906	0.0033953604404156194	0.00434403293235354	0.002619173856102775	4.482683308264689	4.5337589710952395
ROUTE_PAYMENT_SUCCESS_DIRECT=0.9057999999999998	0.9043	0.9008	0.9137	1.8768999999999942E-5	1.2504166666665528E-5	2.8166250000001577E-5	0.9039012768711577	0.9076987231288419
ROUTE_PAYMENT_SUCCESS=0.9057999999999998	0.9043	0.9008	0.9137	1.8768999999999942E-5	1.2504166666665528E-5	2.8166250000001577E-5	0.9039012768711577	0.9076987231288419
