ROUTE_PAYMENT_MES_AV=7.3841
ROUTE_PAYMENT_MES_AV_SUCC=6.224072418417521
ROUTE_PAYMENT_HOPS_AV=4.598399999999998
ROUTE_PAYMENT_HOPS_AV_SUCC=4.338287885561019
ROUTE_PAYMENT_SUCCESS_DIRECT=0.8948
ROUTE_PAYMENT_SUCCESS=0.8948
