ROUTE_PAYMENT_MES_AV=4.5135000000000005
ROUTE_PAYMENT_MES_AV_SUCC=4.199691833590138
ROUTE_PAYMENT_HOPS_AV=13.092399999999996
ROUTE_PAYMENT_HOPS_AV_SUCC=16.286440677966105
ROUTE_PAYMENT_SUCCESS_DIRECT=0.649
ROUTE_PAYMENT_SUCCESS=0.649
