ROUTE_PAYMENT_MES_AV=5.179899999999997
ROUTE_PAYMENT_MES_AV_SUCC=4.513967699694456
ROUTE_PAYMENT_HOPS_AV=5.089199999999999
ROUTE_PAYMENT_HOPS_AV_SUCC=4.5010912265386285
ROUTE_PAYMENT_SUCCESS_DIRECT=0.9164
ROUTE_PAYMENT_SUCCESS=0.9164
