ROUTE_PAYMENT_MES_AV=6.5615000000000006
ROUTE_PAYMENT_MES_AV_SUCC=5.169193833712407
ROUTE_PAYMENT_HOPS_AV=4.209199999999998
ROUTE_PAYMENT_HOPS_AV_SUCC=4.021354561536517
ROUTE_PAYMENT_SUCCESS_DIRECT=0.7914
ROUTE_PAYMENT_SUCCESS=0.7914
