ROUTE_PAYMENT_MES_AV=5.731400000000002
ROUTE_PAYMENT_MES_AV_SUCC=4.60910586944597
ROUTE_PAYMENT_HOPS_AV=5.4605999999999995
ROUTE_PAYMENT_HOPS_AV_SUCC=4.508831596269885
ROUTE_PAYMENT_SUCCESS_DIRECT=0.9115
ROUTE_PAYMENT_SUCCESS=0.9115
