ROUTE_PAYMENT_MES_AV=4.7979
ROUTE_PAYMENT_MES_AV_SUCC=4.247491638795986
ROUTE_PAYMENT_HOPS_AV=3.5549
ROUTE_PAYMENT_HOPS_AV_SUCC=3.8224384311340835
ROUTE_PAYMENT_SUCCESS_DIRECT=0.6578
ROUTE_PAYMENT_SUCCESS=0.6578
