ROUTE_PAYMENT_MES_AV=7.624299999999998
ROUTE_PAYMENT_MES_AV_SUCC=6.398662207357859
ROUTE_PAYMENT_HOPS_AV=10.120800000000004
ROUTE_PAYMENT_HOPS_AV_SUCC=9.215496098104795
ROUTE_PAYMENT_SUCCESS_DIRECT=0.897
ROUTE_PAYMENT_SUCCESS=0.897
