ROUTE_PAYMENT_MES_AV=6.120600000000004
ROUTE_PAYMENT_MES_AV_SUCC=4.863246028338344
ROUTE_PAYMENT_HOPS_AV=5.747599999999998
ROUTE_PAYMENT_HOPS_AV_SUCC=4.72520395019322
ROUTE_PAYMENT_SUCCESS_DIRECT=0.9316
ROUTE_PAYMENT_SUCCESS=0.9316
