ROUTE_PAYMENT_MES_AV=5.841299999999999
ROUTE_PAYMENT_MES_AV_SUCC=4.722456938576535
ROUTE_PAYMENT_HOPS_AV=41.80110000000006
ROUTE_PAYMENT_HOPS_AV_SUCC=33.29184270393238
ROUTE_PAYMENT_SUCCESS_DIRECT=0.9231
ROUTE_PAYMENT_SUCCESS=0.9231
