ROUTE_PAYMENT_MES_AV=5.125145000000001	5.1351	4.9471	5.260199999999999	0.005296435475000029	0.006155321025000099	0.0044375499249999575	5.093249242820746	5.157040757179256
ROUTE_PAYMENT_MES_AV_SUCC=4.513545110101129	4.5327913874546875	4.378216503992901	4.6122403888643335	0.0035678699792488994	0.005375910343777169	0.0023625097362300535	4.487366560377851	4.539723659824406
ROUTE_PAYMENT_HOPS_AV=29.421454999999998	29.71260000000001	24.630599999999983	31.918399999999984	3.161144074474991	3.8117628110250044	2.5105253379249772	28.642229388366783	30.200680611633214
ROUTE_PAYMENT_HOPS_AV_SUCC=25.52118706158412	25.86549257017061	21.525336543723327	27.880247459124988	2.641349210582266	3.288329886137018	1.9943685350275129	24.80890175612805	26.233472367040186
ROUTE_PAYMENT_SUCCESS_DIRECT=0.90812	0.9085	0.9015	0.9167	2.0795599999999934E-5	1.998940000000035E-5	2.1601799999999523E-5	0.906121395775047	0.910118604224953
ROUTE_PAYMENT_SUCCESS=0.90812	0.9085	0.9015	0.9167	2.0795599999999934E-5	1.998940000000035E-5	2.1601799999999523E-5	0.906121395775047	0.910118604224953
