ROUTE_PAYMENT_MES_AV=5.947299999999997
ROUTE_PAYMENT_MES_AV_SUCC=4.883877878950189
ROUTE_PAYMENT_HOPS_AV=12.8153
ROUTE_PAYMENT_HOPS_AV_SUCC=10.39582217461167
ROUTE_PAYMENT_SUCCESS_DIRECT=0.9335
ROUTE_PAYMENT_SUCCESS=0.9335
