ROUTE_PAYMENT_MES_AV=8.393800000000002
ROUTE_PAYMENT_MES_AV_SUCC=7.0282572955199365
ROUTE_PAYMENT_HOPS_AV=4.8096999999999985
ROUTE_PAYMENT_HOPS_AV_SUCC=4.417796958487466
ROUTE_PAYMENT_SUCCESS_DIRECT=0.9732
ROUTE_PAYMENT_SUCCESS=0.9732
