ROUTE_PAYMENT_MES_AV=5.199475	5.225900000000001	5.018600000000002	5.3293	0.007977392874999968	0.010441106736110936	0.0059616269886364455	5.160330426641359	5.2386195733586405
ROUTE_PAYMENT_MES_AV_SUCC=4.542784944053166	4.546801272906835	4.400065926821225	4.666958904109589	0.004692675515436851	0.005031289680003587	0.004354061350870115	4.51276213417459	4.572807753931741
ROUTE_PAYMENT_HOPS_AV=23.294600000000003	23.2931	19.719700000000003	27.408699999999996	3.320564013000007	2.7347312427272774	4.036581843333342	22.495967458954347	24.09323254104566
ROUTE_PAYMENT_HOPS_AV_SUCC=20.174966771314324	20.274619344944682	16.24817119772901	24.27086751996499	3.7965565920104583	3.4057024172449126	4.187410766776005	19.321009752376387	21.02892379025226
ROUTE_PAYMENT_SUCCESS_DIRECT=0.9111549999999999	0.9126	0.9027	0.9183	1.8665475000000113E-5	3.8859524999999415E-5	1.0010882142857548E-5	0.9092615205472464	0.9130484794527535
ROUTE_PAYMENT_SUCCESS=0.9111549999999999	0.9126	0.9027	0.9183	1.8665475000000113E-5	3.8859524999999415E-5	1.0010882142857548E-5	0.9092615205472464	0.9130484794527535
