ROUTE_PAYMENT_MES_AV=5.360500000000001
ROUTE_PAYMENT_MES_AV_SUCC=4.619676320272573
ROUTE_PAYMENT_HOPS_AV=3.8045999999999998
ROUTE_PAYMENT_HOPS_AV_SUCC=3.938529244747303
ROUTE_PAYMENT_SUCCESS_DIRECT=0.7044
ROUTE_PAYMENT_SUCCESS=0.7044
