ROUTE_PAYMENT_MES_AV=6.191000000000002
ROUTE_PAYMENT_MES_AV_SUCC=4.96824351034392
ROUTE_PAYMENT_HOPS_AV=4.090900000000001
ROUTE_PAYMENT_HOPS_AV_SUCC=4.007642640664119
ROUTE_PAYMENT_SUCCESS_DIRECT=0.7589
ROUTE_PAYMENT_SUCCESS=0.7589
