ROUTE_PAYMENT_MES_AV=5.83927	5.865999999999998	5.644299999999996	6.1289	0.018981147100000244	0.017697332900000383	0.0202649613000001	5.778888721982985	5.899651278017015
ROUTE_PAYMENT_MES_AV_SUCC=4.752824617648686	4.756393724478832	4.628973367697596	4.953453613750401	0.005459236860071838	0.004893984866078482	0.006024488854065195	4.7204423660888795	4.785206869208493
ROUTE_PAYMENT_HOPS_AV=5.537730000000001	5.5731	5.346600000000003	5.7799999999999985	0.014225709099999938	0.014258482099999862	0.014192936100000011	5.485456926588081	5.59000307341192
ROUTE_PAYMENT_HOPS_AV_SUCC=4.642377865517736	4.639321527629614	4.527353004522939	4.823209138464821	0.0045634506371166296	0.003407628938938274	0.006297183184384164	4.612771318971789	4.671984412063684
ROUTE_PAYMENT_SUCCESS_DIRECT=0.9313600000000001	0.9311	0.9217	0.9389	1.4644400000000037E-5	1.246660000000047E-5	1.7911099999999392E-5	0.9296828308517029	0.9330371691482973
ROUTE_PAYMENT_SUCCESS=0.9313600000000001	0.9311	0.9217	0.9389	1.4644400000000037E-5	1.246660000000047E-5	1.7911099999999392E-5	0.9296828308517029	0.9330371691482973
