ROUTE_PAYMENT_MES_AV=5.099300000000001
ROUTE_PAYMENT_MES_AV_SUCC=4.4823335167859115
ROUTE_PAYMENT_HOPS_AV=29.887800000000013
ROUTE_PAYMENT_HOPS_AV_SUCC=25.86549257017061
ROUTE_PAYMENT_SUCCESS_DIRECT=0.9085
ROUTE_PAYMENT_SUCCESS=0.9085
