ROUTE_PAYMENT_MES_AV=4.027600000000001
ROUTE_PAYMENT_MES_AV_SUCC=3.710920770877944
ROUTE_PAYMENT_HOPS_AV=3.2102
ROUTE_PAYMENT_HOPS_AV_SUCC=3.657030692362599
ROUTE_PAYMENT_SUCCESS_DIRECT=0.5604
ROUTE_PAYMENT_SUCCESS=0.5604
