ROUTE_PAYMENT_MES_AV=5.763999999999995
ROUTE_PAYMENT_MES_AV_SUCC=4.707579305939964
ROUTE_PAYMENT_HOPS_AV=5.406399999999996
ROUTE_PAYMENT_HOPS_AV_SUCC=4.575580157547369
ROUTE_PAYMENT_SUCCESS_DIRECT=0.9394
ROUTE_PAYMENT_SUCCESS=0.9394
