ROUTE_PAYMENT_MES_AV=5.663900000000003
ROUTE_PAYMENT_MES_AV_SUCC=4.666739702015773
ROUTE_PAYMENT_HOPS_AV=5.485299999999999
ROUTE_PAYMENT_HOPS_AV_SUCC=4.607690622261172
ROUTE_PAYMENT_SUCCESS_DIRECT=0.9128
ROUTE_PAYMENT_SUCCESS=0.9128
