ROUTE_PAYMENT_MES_AV=5.128000000000001
ROUTE_PAYMENT_MES_AV_SUCC=4.481005648466053
ROUTE_PAYMENT_HOPS_AV=26.592500000000022
ROUTE_PAYMENT_HOPS_AV_SUCC=22.99091815261934
ROUTE_PAYMENT_SUCCESS_DIRECT=0.9029
ROUTE_PAYMENT_SUCCESS=0.9029
