ROUTE_PAYMENT_MES_AV=3.5902999999999996
ROUTE_PAYMENT_MES_AV_SUCC=3.728509154315606
ROUTE_PAYMENT_HOPS_AV=17.932400000000012
ROUTE_PAYMENT_HOPS_AV_SUCC=24.359023539668698
ROUTE_PAYMENT_SUCCESS_DIRECT=0.5735
ROUTE_PAYMENT_SUCCESS=0.5735
