ROUTE_PAYMENT_MES_AV=5.735900000000004
ROUTE_PAYMENT_MES_AV_SUCC=4.719021739130434
ROUTE_PAYMENT_HOPS_AV=5.4856
ROUTE_PAYMENT_HOPS_AV_SUCC=4.6236956521739145
ROUTE_PAYMENT_SUCCESS_DIRECT=0.92
ROUTE_PAYMENT_SUCCESS=0.92
