ROUTE_PAYMENT_MES_AV=4.791900000000001
ROUTE_PAYMENT_MES_AV_SUCC=4.364956876985929
ROUTE_PAYMENT_HOPS_AV=12.7971
ROUTE_PAYMENT_HOPS_AV_SUCC=15.793614767740964
ROUTE_PAYMENT_SUCCESS_DIRECT=0.6609
ROUTE_PAYMENT_SUCCESS=0.6609
