ROUTE_PAYMENT_MES_AV=6.612100000000004
ROUTE_PAYMENT_MES_AV_SUCC=5.078996036988108
ROUTE_PAYMENT_HOPS_AV=21.817199999999996
ROUTE_PAYMENT_HOPS_AV_SUCC=20.428533685601057
ROUTE_PAYMENT_SUCCESS_DIRECT=0.757
ROUTE_PAYMENT_SUCCESS=0.757
