ROUTE_PAYMENT_MES_AV=5.514700000000001
ROUTE_PAYMENT_MES_AV_SUCC=4.62025452976704
ROUTE_PAYMENT_HOPS_AV=31.253099999999996
ROUTE_PAYMENT_HOPS_AV_SUCC=25.893334771354585
ROUTE_PAYMENT_SUCCESS_DIRECT=0.9272
ROUTE_PAYMENT_SUCCESS=0.9272
