ROUTE_PAYMENT_MES_AV=3.0666666666666664
ROUTE_PAYMENT_MES_AV_SUCC=3.2142857142857144
ROUTE_PAYMENT_HOPS_AV=2.466666666666667
ROUTE_PAYMENT_HOPS_AV_SUCC=2.571428571428571
ROUTE_PAYMENT_SUCCESS_DIRECT=0.9333333333333333
ROUTE_PAYMENT_SUCCESS=0.9333333333333333
