ROUTE_PAYMENT_MES_AV=6.859200000000001
ROUTE_PAYMENT_MES_AV_SUCC=5.954617653732697
ROUTE_PAYMENT_HOPS_AV=4.375800000000001
ROUTE_PAYMENT_HOPS_AV_SUCC=4.225663716814157
ROUTE_PAYMENT_SUCCESS_DIRECT=0.8814
ROUTE_PAYMENT_SUCCESS=0.8814
