ROUTE_PAYMENT_MES_AV=5.3992
ROUTE_PAYMENT_MES_AV_SUCC=4.610781030571459
ROUTE_PAYMENT_HOPS_AV=5.241900000000003
ROUTE_PAYMENT_HOPS_AV_SUCC=4.56119693205142
ROUTE_PAYMENT_SUCCESS_DIRECT=0.9257
ROUTE_PAYMENT_SUCCESS=0.9257
