ROUTE_PAYMENT_MES_AV=5.7414000000000005
ROUTE_PAYMENT_MES_AV_SUCC=4.759021867930626
ROUTE_PAYMENT_HOPS_AV=5.4815999999999985
ROUTE_PAYMENT_HOPS_AV_SUCC=4.650436281374554
ROUTE_PAYMENT_SUCCESS_DIRECT=0.9283
ROUTE_PAYMENT_SUCCESS=0.9283
