ROUTE_PAYMENT_MES_AV=5.227400000000002
ROUTE_PAYMENT_MES_AV_SUCC=4.613186568823659
ROUTE_PAYMENT_HOPS_AV=5.1587
ROUTE_PAYMENT_HOPS_AV_SUCC=4.6105181231932395
ROUTE_PAYMENT_SUCCESS_DIRECT=0.8994
ROUTE_PAYMENT_SUCCESS=0.8994
