ROUTE_PAYMENT_MES_AV=20.9319
ROUTE_PAYMENT_MES_AV_SUCC=20.941418810289395
ROUTE_PAYMENT_HOPS_AV=4.256500000000001
ROUTE_PAYMENT_HOPS_AV_SUCC=4.257435691318328
ROUTE_PAYMENT_SUCCESS_DIRECT=0.9952
ROUTE_PAYMENT_SUCCESS=0.9952
ROUTE_PAYMENT_FEE_AV=2.554792600378911
ROUTE_PAYMENT_FEE_MED=4.0333455276839105
ROUTE_PAYMENT_FEE_Q1=1.985820953453652
ROUTE_PAYMENT_FEE_Q3=3.005509739483199
