ROUTE_PAYMENT_MES_AV=5.946000000000001
ROUTE_PAYMENT_MES_AV_SUCC=5.360819828408007
ROUTE_PAYMENT_HOPS_AV=8.879399999999997
ROUTE_PAYMENT_HOPS_AV_SUCC=9.294447092469019
ROUTE_PAYMENT_SUCCESS_DIRECT=0.8392
ROUTE_PAYMENT_SUCCESS=0.8392
