ROUTE_PAYMENT_MES_AV=17.500000000000004
ROUTE_PAYMENT_MES_AV_SUCC=13.389830508474574
ROUTE_PAYMENT_HOPS_AV=2.9000000000000004
ROUTE_PAYMENT_HOPS_AV_SUCC=3.559322033898305
ROUTE_PAYMENT_SUCCESS_DIRECT=0.59
ROUTE_PAYMENT_SUCCESS=0.59
ROUTE_PAYMENT_FEE_AV=1.0000832990472812
ROUTE_PAYMENT_FEE_MED=2.000075650598841
ROUTE_PAYMENT_FEE_Q1=1.0000224565752447
ROUTE_PAYMENT_FEE_Q3=1.0001216809994145
