ROUTE_PAYMENT_MES_AV=9.82
ROUTE_PAYMENT_MES_AV_SUCC=9.508771929824562
ROUTE_PAYMENT_HOPS_AV=2.85
ROUTE_PAYMENT_HOPS_AV_SUCC=3.526315789473684
ROUTE_PAYMENT_SUCCESS_DIRECT=0.57
ROUTE_PAYMENT_SUCCESS=0.57
ROUTE_PAYMENT_FEE_AV=1.0002420992567194
ROUTE_PAYMENT_FEE_MED=2.0004841985134387
ROUTE_PAYMENT_FEE_Q1=1.0002420992567194
ROUTE_PAYMENT_FEE_Q3=1.0002420992567194
