ROUTE_PAYMENT_MES_AV=5.131300000000001
ROUTE_PAYMENT_MES_AV_SUCC=4.546801272906835
ROUTE_PAYMENT_HOPS_AV=24.039999999999996
ROUTE_PAYMENT_HOPS_AV_SUCC=21.301327773510383
ROUTE_PAYMENT_SUCCESS_DIRECT=0.9113
ROUTE_PAYMENT_SUCCESS=0.9113
