ROUTE_PAYMENT_MES_AV=4.483300000000001
ROUTE_PAYMENT_MES_AV_SUCC=4.245315161839862
ROUTE_PAYMENT_HOPS_AV=14.050899999999999
ROUTE_PAYMENT_HOPS_AV_SUCC=17.63233699860616
ROUTE_PAYMENT_SUCCESS_DIRECT=0.6457
ROUTE_PAYMENT_SUCCESS=0.6457
