ROUTE_PAYMENT_MES_AV=6.1541
ROUTE_PAYMENT_MES_AV_SUCC=4.888344893240854
ROUTE_PAYMENT_HOPS_AV=25.673900000000003
ROUTE_PAYMENT_HOPS_AV_SUCC=24.609411124711006
ROUTE_PAYMENT_SUCCESS_DIRECT=0.7353
ROUTE_PAYMENT_SUCCESS=0.7353
