ROUTE_PAYMENT_MES_AV=5.102499999999997
ROUTE_PAYMENT_MES_AV_SUCC=4.650397526501767
ROUTE_PAYMENT_HOPS_AV=36.15759999999998
ROUTE_PAYMENT_HOPS_AV_SUCC=32.67932862190814
ROUTE_PAYMENT_SUCCESS_DIRECT=0.9056
ROUTE_PAYMENT_SUCCESS=0.9056
