ROUTE_PAYMENT_MES_AV=5.125000000000002
ROUTE_PAYMENT_MES_AV_SUCC=4.478950246036086
ROUTE_PAYMENT_HOPS_AV=5.018200000000003
ROUTE_PAYMENT_HOPS_AV_SUCC=4.450847457627121
ROUTE_PAYMENT_SUCCESS_DIRECT=0.9145
ROUTE_PAYMENT_SUCCESS=0.9145
