ROUTE_PAYMENT_MES_AV=4.0143
ROUTE_PAYMENT_MES_AV_SUCC=3.6731544800981935
ROUTE_PAYMENT_HOPS_AV=3.2143
ROUTE_PAYMENT_HOPS_AV_SUCC=3.6191478169384528
ROUTE_PAYMENT_SUCCESS_DIRECT=0.5703
ROUTE_PAYMENT_SUCCESS=0.5703
