ROUTE_PAYMENT_MES_AV=9.4251
ROUTE_PAYMENT_MES_AV_SUCC=7.038849958779879
ROUTE_PAYMENT_HOPS_AV=5.0506
ROUTE_PAYMENT_HOPS_AV_SUCC=4.470527617477326
ROUTE_PAYMENT_SUCCESS_DIRECT=0.9704
ROUTE_PAYMENT_SUCCESS=0.9704
