ROUTE_PAYMENT_MES_AV=5.9099999999999975
ROUTE_PAYMENT_MES_AV_SUCC=4.733056859107279
ROUTE_PAYMENT_HOPS_AV=5.627500000000004
ROUTE_PAYMENT_HOPS_AV_SUCC=4.629160755211175
ROUTE_PAYMENT_SUCCESS_DIRECT=0.9163
ROUTE_PAYMENT_SUCCESS=0.9163
