ROUTE_PAYMENT_MES_AV=8.790199999999997
ROUTE_PAYMENT_MES_AV_SUCC=6.855565179731487
ROUTE_PAYMENT_HOPS_AV=5.011000000000001
ROUTE_PAYMENT_HOPS_AV_SUCC=4.483001299263748
ROUTE_PAYMENT_SUCCESS_DIRECT=0.9236
ROUTE_PAYMENT_SUCCESS=0.9236
