ROUTE_PAYMENT_MES_AV=5.1360399999999995	5.133800000000001	4.941600000000001	5.425800000000002	0.016614013400000082	0.013489459418181653	0.020432912711111494	5.079549118489157	5.192530881510842
ROUTE_PAYMENT_MES_AV_SUCC=4.519944454060253	4.530169566174852	4.410039543057994	4.641395908543923	0.0033115687615355403	0.004362498836380316	0.0026109487116390243	4.494723706099185	4.545165202021321
ROUTE_PAYMENT_HOPS_AV=32.53108	32.60289999999999	29.775100000000016	35.91820000000002	2.481968690600009	2.3538624399999954	2.6100749412000233	31.8406188887921	33.221541111207905
ROUTE_PAYMENT_HOPS_AV_SUCC=28.071193491177677	28.15965551507121	26.02965729349735	30.7181163434903	1.421301233100267	1.8563997738113274	1.1312355392928934	27.548696083668414	28.59369089868694
ROUTE_PAYMENT_SUCCESS_DIRECT=0.9067000000000001	0.9082	0.8923	0.9141	2.7017000000000067E-5	3.161100000000063E-5	2.2422999999999524E-5	0.9044219689729945	0.9089780310270056
ROUTE_PAYMENT_SUCCESS=0.9067000000000001	0.9082	0.8923	0.9141	2.7017000000000067E-5	3.161100000000063E-5	2.2422999999999524E-5	0.9044219689729945	0.9089780310270056
