ROUTE_PAYMENT_MES_AV=5.717700000000002
ROUTE_PAYMENT_MES_AV_SUCC=4.79366623432771
ROUTE_PAYMENT_HOPS_AV=9.222300000000002
ROUTE_PAYMENT_HOPS_AV_SUCC=7.705361003026369
ROUTE_PAYMENT_SUCCESS_DIRECT=0.9252
ROUTE_PAYMENT_SUCCESS=0.9252
