ROUTE_PAYMENT_MES_AV=4.059499999999998
ROUTE_PAYMENT_MES_AV_SUCC=3.744468236973591
ROUTE_PAYMENT_HOPS_AV=3.2359000000000004
ROUTE_PAYMENT_HOPS_AV_SUCC=3.6902212705210564
ROUTE_PAYMENT_SUCCESS_DIRECT=0.5604
ROUTE_PAYMENT_SUCCESS=0.5604
