ROUTE_PAYMENT_MES_AV=5.168899999999998
ROUTE_PAYMENT_MES_AV_SUCC=4.509762824048537
ROUTE_PAYMENT_HOPS_AV=5.097899999999999
ROUTE_PAYMENT_HOPS_AV_SUCC=4.5053502482073915
ROUTE_PAYMENT_SUCCESS_DIRECT=0.9065
ROUTE_PAYMENT_SUCCESS=0.9065
