ROUTE_PAYMENT_MES_AV=6.560499999999999
ROUTE_PAYMENT_MES_AV_SUCC=5.363064536419674
ROUTE_PAYMENT_HOPS_AV=19.9902
ROUTE_PAYMENT_HOPS_AV_SUCC=18.721474399295516
ROUTE_PAYMENT_SUCCESS_DIRECT=0.7949
ROUTE_PAYMENT_SUCCESS=0.7949
