ROUTE_PAYMENT_MES_AV=5.794100000000003
ROUTE_PAYMENT_MES_AV_SUCC=5.176752004137574
ROUTE_PAYMENT_HOPS_AV=10.441800000000004
ROUTE_PAYMENT_HOPS_AV_SUCC=11.629299198344976
ROUTE_PAYMENT_SUCCESS_DIRECT=0.7734
ROUTE_PAYMENT_SUCCESS=0.7734
