ROUTE_PAYMENT_MES_AV=10.041300000000009
ROUTE_PAYMENT_MES_AV_SUCC=7.436673161727005
ROUTE_PAYMENT_HOPS_AV=5.232100000000002
ROUTE_PAYMENT_HOPS_AV_SUCC=4.606194236488565
ROUTE_PAYMENT_SUCCESS_DIRECT=0.9751
ROUTE_PAYMENT_SUCCESS=0.9751
