ROUTE_PAYMENT_MES_AV=28.243699999999997
ROUTE_PAYMENT_MES_AV_SUCC=28.320036264732558
ROUTE_PAYMENT_HOPS_AV=4.585400000000002
ROUTE_PAYMENT_HOPS_AV_SUCC=4.591921023471342
ROUTE_PAYMENT_SUCCESS_DIRECT=0.9927
ROUTE_PAYMENT_SUCCESS=0.9927
ROUTE_PAYMENT_FEE_AV=2.6031668804824446
ROUTE_PAYMENT_FEE_MED=2.0249478751561636
ROUTE_PAYMENT_FEE_Q1=1.987092708260095
ROUTE_PAYMENT_FEE_Q3=3.0081197164799223
