ROUTE_PAYMENT_MES_AV=4.8819
ROUTE_PAYMENT_MES_AV_SUCC=4.26058428370567
ROUTE_PAYMENT_HOPS_AV=3.5877999999999997
ROUTE_PAYMENT_HOPS_AV_SUCC=3.8390876425558504
ROUTE_PAYMENT_SUCCESS_DIRECT=0.6401
ROUTE_PAYMENT_SUCCESS=0.6401
