ROUTE_PAYMENT_MES_AV=33.45519999999999
ROUTE_PAYMENT_MES_AV_SUCC=33.43816041058667
ROUTE_PAYMENT_HOPS_AV=4.3742
ROUTE_PAYMENT_HOPS_AV_SUCC=4.3682197846432524
ROUTE_PAYMENT_SUCCESS_DIRECT=0.9937
ROUTE_PAYMENT_SUCCESS=0.9937
ROUTE_PAYMENT_FEE_AV=2.461339300072599
ROUTE_PAYMENT_FEE_MED=2.008520550191739
ROUTE_PAYMENT_FEE_Q1=1.9821619499994263
ROUTE_PAYMENT_FEE_Q3=2.995290213708117
