ROUTE_PAYMENT_MES_AV=4.089299999999999
ROUTE_PAYMENT_MES_AV_SUCC=3.7329102447869453
ROUTE_PAYMENT_HOPS_AV=3.2396000000000003
ROUTE_PAYMENT_HOPS_AV_SUCC=3.6774252039891207
ROUTE_PAYMENT_SUCCESS_DIRECT=0.5515
ROUTE_PAYMENT_SUCCESS=0.5515
