ROUTE_PAYMENT_MES_AV=5.8788
ROUTE_PAYMENT_MES_AV_SUCC=5.056703065386133
ROUTE_PAYMENT_HOPS_AV=4.032
ROUTE_PAYMENT_HOPS_AV_SUCC=4.0556505722931195
ROUTE_PAYMENT_SUCCESS_DIRECT=0.7601
ROUTE_PAYMENT_SUCCESS=0.7601
