ROUTE_PAYMENT_MES_AV=6.796100000000001
ROUTE_PAYMENT_MES_AV_SUCC=5.417796401281736
ROUTE_PAYMENT_HOPS_AV=4.3316
ROUTE_PAYMENT_HOPS_AV_SUCC=4.09723933941336
ROUTE_PAYMENT_SUCCESS_DIRECT=0.8114
ROUTE_PAYMENT_SUCCESS=0.8114
