ROUTE_PAYMENT_MES_AV=6.5	6.5	6.5	6.5	0.0	0.0	0.0	6.5	6.5
ROUTE_PAYMENT_MES_AV_SUCC=6.5	6.5	6.5	6.5	0.0	0.0	0.0	6.5	6.5
ROUTE_PAYMENT_HOPS_AV=2.5	2.5	2.5	2.5	0.0	0.0	0.0	2.5	2.5
ROUTE_PAYMENT_HOPS_AV_SUCC=2.5	2.5	2.5	2.5	0.0	0.0	0.0	2.5	2.5
ROUTE_PAYMENT_SUCCESS_DIRECT=1.0	1.0	1.0	1.0	0.0	0.0	0.0	1.0	1.0
ROUTE_PAYMENT_SUCCESS=1.0	1.0	1.0	1.0	0.0	0.0	0.0	1.0	1.0
ROUTE_PAYMENT_TEST_AV_CAPACITY=0.0	0.0	0.0	0.0	0.0	0.0	0.0	0.0	0.0
ROUTE_PAYMENT_TEST_AV_POTENTIAL=0.0	0.0	0.0	0.0	0.0	0.0	0.0	0.0	0.0
ROUTE_PAYMENT_FEE_AV=1.1391666666666667	1.1391666666666667	1.1391666666666667	1.1391666666666667	0.0	0.0	0.0	1.1391666666666667	1.1391666666666667
ROUTE_PAYMENT_FEE_MED=2.2783333333333333	2.2783333333333333	2.2783333333333333	2.2783333333333333	0.0	0.0	0.0	2.2783333333333333	2.2783333333333333
ROUTE_PAYMENT_FEE_Q1=1.0683333333333334	1.0683333333333334	1.0683333333333334	1.0683333333333334	0.0	0.0	0.0	1.0683333333333334	1.0683333333333334
ROUTE_PAYMENT_FEE_Q3=1.21	1.21	1.21	1.21	0.0	0.0	0.0	1.21	1.21
