ROUTE_PAYMENT_MES_AV=5.762799999999996
ROUTE_PAYMENT_MES_AV_SUCC=4.737761858243785
ROUTE_PAYMENT_HOPS_AV=5.503200000000005
ROUTE_PAYMENT_HOPS_AV_SUCC=4.65613806577662
ROUTE_PAYMENT_SUCCESS_DIRECT=0.9213
ROUTE_PAYMENT_SUCCESS=0.9213
