ROUTE_PAYMENT_MES_AV=5.7758
ROUTE_PAYMENT_MES_AV_SUCC=4.783023929606182
ROUTE_PAYMENT_HOPS_AV=5.469
ROUTE_PAYMENT_HOPS_AV_SUCC=4.652323210644919
ROUTE_PAYMENT_SUCCESS_DIRECT=0.9319
ROUTE_PAYMENT_SUCCESS=0.9319
