ROUTE_PAYMENT_MES_AV=3.772700000000001
ROUTE_PAYMENT_MES_AV_SUCC=3.8077180086869364
ROUTE_PAYMENT_HOPS_AV=17.1813
ROUTE_PAYMENT_HOPS_AV_SUCC=22.685098563314405
ROUTE_PAYMENT_SUCCESS_DIRECT=0.5986
ROUTE_PAYMENT_SUCCESS=0.5986
