ROUTE_PAYMENT_MES_AV=5.859499999999999
ROUTE_PAYMENT_MES_AV_SUCC=4.7225464764375245
ROUTE_PAYMENT_HOPS_AV=14.954899999999995
ROUTE_PAYMENT_HOPS_AV_SUCC=12.03631647211415
ROUTE_PAYMENT_SUCCESS_DIRECT=0.9252
ROUTE_PAYMENT_SUCCESS=0.9252
