ROUTE_PAYMENT_MES_AV=5.749900000000006
ROUTE_PAYMENT_MES_AV_SUCC=4.6501564691917565
ROUTE_PAYMENT_HOPS_AV=5.4608
ROUTE_PAYMENT_HOPS_AV_SUCC=4.552713931153557
ROUTE_PAYMENT_SUCCESS_DIRECT=0.9267
ROUTE_PAYMENT_SUCCESS=0.9267
