ROUTE_PAYMENT_MES_AV=7.383099999999999
ROUTE_PAYMENT_MES_AV_SUCC=6.30457022128322
ROUTE_PAYMENT_HOPS_AV=9.838100000000006
ROUTE_PAYMENT_HOPS_AV_SUCC=9.064272211720226
ROUTE_PAYMENT_SUCCESS_DIRECT=0.8993
ROUTE_PAYMENT_SUCCESS=0.8993
