ROUTE_PAYMENT_MES_AV=5.557500000000001
ROUTE_PAYMENT_MES_AV_SUCC=4.635148353439843
ROUTE_PAYMENT_HOPS_AV=32.177600000000005
ROUTE_PAYMENT_HOPS_AV_SUCC=26.399630474948363
ROUTE_PAYMENT_SUCCESS_DIRECT=0.9201
ROUTE_PAYMENT_SUCCESS=0.9201
