ROUTE_PAYMENT_MES_AV=5.8255
ROUTE_PAYMENT_MES_AV_SUCC=4.746105581999133
ROUTE_PAYMENT_HOPS_AV=5.526899999999997
ROUTE_PAYMENT_HOPS_AV_SUCC=4.6278667243617475
ROUTE_PAYMENT_SUCCESS_DIRECT=0.9244
ROUTE_PAYMENT_SUCCESS=0.9244
