ROUTE_PAYMENT_MES_AV=5.708699999999999
ROUTE_PAYMENT_MES_AV_SUCC=4.672912379508286
ROUTE_PAYMENT_HOPS_AV=5.417099999999999
ROUTE_PAYMENT_HOPS_AV_SUCC=4.55918986244991
ROUTE_PAYMENT_SUCCESS_DIRECT=0.9233
ROUTE_PAYMENT_SUCCESS=0.9233
