ROUTE_PAYMENT_MES_AV=6.858199999999997
ROUTE_PAYMENT_MES_AV_SUCC=5.797998822836961
ROUTE_PAYMENT_HOPS_AV=14.811300000000003
ROUTE_PAYMENT_HOPS_AV_SUCC=13.899705709240724
ROUTE_PAYMENT_SUCCESS_DIRECT=0.8495
ROUTE_PAYMENT_SUCCESS=0.8495
