ROUTE_PAYMENT_MES_AV=4.000800000000001
ROUTE_PAYMENT_MES_AV_SUCC=3.6936842105263157
ROUTE_PAYMENT_HOPS_AV=3.2181999999999995
ROUTE_PAYMENT_HOPS_AV_SUCC=3.644912280701754
ROUTE_PAYMENT_SUCCESS_DIRECT=0.57
ROUTE_PAYMENT_SUCCESS=0.57
