ROUTE_PAYMENT_MES_AV=74.02250000000002
ROUTE_PAYMENT_MES_AV_SUCC=42.51507645918588
ROUTE_PAYMENT_HOPS_AV=5.043999999999996
ROUTE_PAYMENT_HOPS_AV_SUCC=4.512814990307991
ROUTE_PAYMENT_SUCCESS_DIRECT=0.9286
ROUTE_PAYMENT_SUCCESS=0.9286
ROUTE_PAYMENT_FEE_AV=30.49827560680264
ROUTE_PAYMENT_FEE_MED=33.964196616507735
ROUTE_PAYMENT_FEE_Q1=8.682716680538821
ROUTE_PAYMENT_FEE_Q3=35.05526077258304
