ROUTE_PAYMENT_MES_AV=9.059899999999999
ROUTE_PAYMENT_MES_AV_SUCC=7.176718380766463
ROUTE_PAYMENT_HOPS_AV=4.972800000000003
ROUTE_PAYMENT_HOPS_AV_SUCC=4.506010479810954
ROUTE_PAYMENT_SUCCESS_DIRECT=0.9733
ROUTE_PAYMENT_SUCCESS=0.9733
