ROUTE_PAYMENT_MES_AV=6.7175
ROUTE_PAYMENT_MES_AV_SUCC=5.439965799438135
ROUTE_PAYMENT_HOPS_AV=4.276699999999997
ROUTE_PAYMENT_HOPS_AV_SUCC=4.10260168559912
ROUTE_PAYMENT_SUCCESS_DIRECT=0.8187
ROUTE_PAYMENT_SUCCESS=0.8187
