ROUTE_PAYMENT_MES_AV=6.574899999999998
ROUTE_PAYMENT_MES_AV_SUCC=5.881899871630297
ROUTE_PAYMENT_HOPS_AV=8.5141
ROUTE_PAYMENT_HOPS_AV_SUCC=8.890185552573232
ROUTE_PAYMENT_SUCCESS_DIRECT=0.8569
ROUTE_PAYMENT_SUCCESS=0.8569
