ROUTE_PAYMENT_MES_AV=7.887900000000003
ROUTE_PAYMENT_MES_AV_SUCC=6.183602120221045
ROUTE_PAYMENT_HOPS_AV=4.625200000000002
ROUTE_PAYMENT_HOPS_AV_SUCC=4.253524303597608
ROUTE_PAYMENT_SUCCESS_DIRECT=0.8867
ROUTE_PAYMENT_SUCCESS=0.8867
