ROUTE_PAYMENT_MES_AV=9.899100000000006
ROUTE_PAYMENT_MES_AV_SUCC=7.337389495579826
ROUTE_PAYMENT_HOPS_AV=5.229400000000001
ROUTE_PAYMENT_HOPS_AV_SUCC=4.56755070202808
ROUTE_PAYMENT_SUCCESS_DIRECT=0.9615
ROUTE_PAYMENT_SUCCESS=0.9615
