ROUTE_PAYMENT_MES_AV=3.7835
ROUTE_PAYMENT_MES_AV_SUCC=3.849270939301458
ROUTE_PAYMENT_HOPS_AV=17.009499999999996
ROUTE_PAYMENT_HOPS_AV_SUCC=22.86283485927433
ROUTE_PAYMENT_SUCCESS_DIRECT=0.5898
ROUTE_PAYMENT_SUCCESS=0.5898
