ROUTE_PAYMENT_MES_AV=5.453600000000002
ROUTE_PAYMENT_MES_AV_SUCC=4.627909506199696
ROUTE_PAYMENT_HOPS_AV=15.059999999999999
ROUTE_PAYMENT_HOPS_AV_SUCC=12.726343267348268
ROUTE_PAYMENT_SUCCESS_DIRECT=0.9194
ROUTE_PAYMENT_SUCCESS=0.9194
