ROUTE_PAYMENT_MES_AV=11.97
ROUTE_PAYMENT_MES_AV_SUCC=13.857142857142856
ROUTE_PAYMENT_HOPS_AV=2.69
ROUTE_PAYMENT_HOPS_AV_SUCC=3.057142857142857
ROUTE_PAYMENT_SUCCESS_DIRECT=0.7
ROUTE_PAYMENT_SUCCESS=0.7
ROUTE_PAYMENT_FEE_AV=2.66173970045011
ROUTE_PAYMENT_FEE_MED=2.66173970045011
ROUTE_PAYMENT_FEE_Q1=2.66173970045011
ROUTE_PAYMENT_FEE_Q3=2.66173970045011
