ROUTE_PAYMENT_MES_AV=12.33
ROUTE_PAYMENT_MES_AV_SUCC=14.928571428571427
ROUTE_PAYMENT_HOPS_AV=2.54
ROUTE_PAYMENT_HOPS_AV_SUCC=2.928571428571429
ROUTE_PAYMENT_SUCCESS_DIRECT=0.42
ROUTE_PAYMENT_SUCCESS=0.42
ROUTE_PAYMENT_FEE_AV=0.6866905719705626
ROUTE_PAYMENT_FEE_MED=1.3733811439411252
ROUTE_PAYMENT_FEE_Q1=0.446438688582634
ROUTE_PAYMENT_FEE_Q3=0.9269424553584912
