ROUTE_PAYMENT_MES_AV=8.020899999999996
ROUTE_PAYMENT_MES_AV_SUCC=6.759452411994786
ROUTE_PAYMENT_HOPS_AV=8.033300000000002
ROUTE_PAYMENT_HOPS_AV_SUCC=7.410582355497608
ROUTE_PAYMENT_SUCCESS_DIRECT=0.9204
ROUTE_PAYMENT_SUCCESS=0.9204
