ROUTE_PAYMENT_MES_AV=5.326400000000003
ROUTE_PAYMENT_MES_AV_SUCC=4.555341055341054
ROUTE_PAYMENT_HOPS_AV=5.1302
ROUTE_PAYMENT_HOPS_AV_SUCC=4.485521235521237
ROUTE_PAYMENT_SUCCESS_DIRECT=0.9324
ROUTE_PAYMENT_SUCCESS=0.9324
