ROUTE_PAYMENT_MES_AV=5.752700000000003
ROUTE_PAYMENT_MES_AV_SUCC=4.719750698474102
ROUTE_PAYMENT_HOPS_AV=5.478999999999998
ROUTE_PAYMENT_HOPS_AV_SUCC=4.633247367289919
ROUTE_PAYMENT_SUCCESS_DIRECT=0.9306
ROUTE_PAYMENT_SUCCESS=0.9306
