ROUTE_PAYMENT_MES_AV=8.848800000000002
ROUTE_PAYMENT_MES_AV_SUCC=7.0925373134328344
ROUTE_PAYMENT_HOPS_AV=4.9780999999999995
ROUTE_PAYMENT_HOPS_AV_SUCC=4.494493051981472
ROUTE_PAYMENT_SUCCESS_DIRECT=0.9715
ROUTE_PAYMENT_SUCCESS=0.9715
