ROUTE_PAYMENT_MES_AV=10.105600000000004
ROUTE_PAYMENT_MES_AV_SUCC=6.941493217355283
ROUTE_PAYMENT_HOPS_AV=5.297399999999996
ROUTE_PAYMENT_HOPS_AV_SUCC=4.43802423112768
ROUTE_PAYMENT_SUCCESS_DIRECT=0.9657
ROUTE_PAYMENT_SUCCESS=0.9657
