ROUTE_PAYMENT_MES_AV=5.473400000000003
ROUTE_PAYMENT_MES_AV_SUCC=4.633947053055889
ROUTE_PAYMENT_HOPS_AV=16.408400000000004
ROUTE_PAYMENT_HOPS_AV_SUCC=14.26636888549951
ROUTE_PAYMENT_SUCCESS_DIRECT=0.9179
ROUTE_PAYMENT_SUCCESS=0.9179
