ROUTE_PAYMENT_MES_AV=5.787600000000002
ROUTE_PAYMENT_MES_AV_SUCC=4.678594735697193
ROUTE_PAYMENT_HOPS_AV=37.60729999999995
ROUTE_PAYMENT_HOPS_AV_SUCC=29.821078964542103
ROUTE_PAYMENT_SUCCESS_DIRECT=0.9194
ROUTE_PAYMENT_SUCCESS=0.9194
