ROUTE_PAYMENT_MES_AV=5.248199999999999
ROUTE_PAYMENT_MES_AV_SUCC=4.503830998248688
ROUTE_PAYMENT_HOPS_AV=5.137899999999997
ROUTE_PAYMENT_HOPS_AV_SUCC=4.474934325744308
ROUTE_PAYMENT_SUCCESS_DIRECT=0.9136
ROUTE_PAYMENT_SUCCESS=0.9136
