ROUTE_PAYMENT_MES_AV=7.4171
ROUTE_PAYMENT_MES_AV_SUCC=6.143402777777778
ROUTE_PAYMENT_HOPS_AV=4.514699999999997
ROUTE_PAYMENT_HOPS_AV_SUCC=4.2785879629629635
ROUTE_PAYMENT_SUCCESS_DIRECT=0.864
ROUTE_PAYMENT_SUCCESS=0.864
