ROUTE_PAYMENT_MES_AV=4.7802
ROUTE_PAYMENT_MES_AV_SUCC=4.411135213304412
ROUTE_PAYMENT_HOPS_AV=12.319500000000007
ROUTE_PAYMENT_HOPS_AV_SUCC=14.675488069414314
ROUTE_PAYMENT_SUCCESS_DIRECT=0.6915
ROUTE_PAYMENT_SUCCESS=0.6915
