ROUTE_PAYMENT_MES_AV=5.0675000000000034
ROUTE_PAYMENT_MES_AV_SUCC=4.463398402839396
ROUTE_PAYMENT_HOPS_AV=5.007400000000004
ROUTE_PAYMENT_HOPS_AV_SUCC=4.463065661047028
ROUTE_PAYMENT_SUCCESS_DIRECT=0.9016
ROUTE_PAYMENT_SUCCESS=0.9016
