ROUTE_PAYMENT_MES_AV=6.017300000000001
ROUTE_PAYMENT_MES_AV_SUCC=5.247422680412372
ROUTE_PAYMENT_HOPS_AV=4.061800000000001
ROUTE_PAYMENT_HOPS_AV_SUCC=4.05142218357968
ROUTE_PAYMENT_SUCCESS_DIRECT=0.8051
ROUTE_PAYMENT_SUCCESS=0.8051
