ROUTE_PAYMENT_MES_AV=7.4841000000000015
ROUTE_PAYMENT_MES_AV_SUCC=6.252289479562206
ROUTE_PAYMENT_HOPS_AV=10.576900000000013
ROUTE_PAYMENT_HOPS_AV_SUCC=9.689524234978784
ROUTE_PAYMENT_SUCCESS_DIRECT=0.8954
ROUTE_PAYMENT_SUCCESS=0.8954
