ROUTE_PAYMENT_MES_AV=4.411399999999998
ROUTE_PAYMENT_MES_AV_SUCC=4.225472273004265
ROUTE_PAYMENT_HOPS_AV=13.7883
ROUTE_PAYMENT_HOPS_AV_SUCC=17.14183424741012
ROUTE_PAYMENT_SUCCESS_DIRECT=0.6564
ROUTE_PAYMENT_SUCCESS=0.6564
