ROUTE_PAYMENT_MES_AV=109.3752000000001
ROUTE_PAYMENT_MES_AV_SUCC=87.00624999999998
ROUTE_PAYMENT_HOPS_AV=14.134600000000002
ROUTE_PAYMENT_HOPS_AV_SUCC=12.506762295081963
ROUTE_PAYMENT_SUCCESS_DIRECT=0.976
ROUTE_PAYMENT_SUCCESS=0.976
ROUTE_PAYMENT_FEE_AV=0.010713603290092527
ROUTE_PAYMENT_FEE_MED=0.012163044024991902
ROUTE_PAYMENT_FEE_Q1=0.002225074715194526
ROUTE_PAYMENT_FEE_Q3=0.01381389034479772
