ROUTE_PAYMENT_MES_AV=6.132800000000001
ROUTE_PAYMENT_MES_AV_SUCC=4.871468621953851
ROUTE_PAYMENT_HOPS_AV=5.7661999999999995
ROUTE_PAYMENT_HOPS_AV_SUCC=4.736898857019624
ROUTE_PAYMENT_SUCCESS_DIRECT=0.9274
ROUTE_PAYMENT_SUCCESS=0.9274
