ROUTE_PAYMENT_MES_AV=9.095000000000006
ROUTE_PAYMENT_MES_AV_SUCC=7.436166924265838
ROUTE_PAYMENT_HOPS_AV=5.0298
ROUTE_PAYMENT_HOPS_AV_SUCC=4.605151983513652
ROUTE_PAYMENT_SUCCESS_DIRECT=0.9705
ROUTE_PAYMENT_SUCCESS=0.9705
