ROUTE_PAYMENT_MES_AV=5.0047
ROUTE_PAYMENT_MES_AV_SUCC=4.41849495392716
ROUTE_PAYMENT_HOPS_AV=4.953699999999997
ROUTE_PAYMENT_HOPS_AV_SUCC=4.417946467749012
ROUTE_PAYMENT_SUCCESS_DIRECT=0.9116
ROUTE_PAYMENT_SUCCESS=0.9116
