ROUTE_PAYMENT_MES_AV=5.886100000000001
ROUTE_PAYMENT_MES_AV_SUCC=4.696168375607122
ROUTE_PAYMENT_HOPS_AV=5.551699999999998
ROUTE_PAYMENT_HOPS_AV_SUCC=4.58111171073934
ROUTE_PAYMENT_SUCCESS_DIRECT=0.9265
ROUTE_PAYMENT_SUCCESS=0.9265
