ROUTE_PAYMENT_MES_AV=8.387399999999996
ROUTE_PAYMENT_MES_AV_SUCC=6.927305721605463
ROUTE_PAYMENT_HOPS_AV=4.878100000000001
ROUTE_PAYMENT_HOPS_AV_SUCC=4.482066609735269
ROUTE_PAYMENT_SUCCESS_DIRECT=0.9368
ROUTE_PAYMENT_SUCCESS=0.9368
