ROUTE_PAYMENT_MES_AV=4.582800000000001
ROUTE_PAYMENT_MES_AV_SUCC=4.582800000000001
ROUTE_PAYMENT_HOPS_AV=4.635500000000002
ROUTE_PAYMENT_HOPS_AV_SUCC=4.635500000000002
ROUTE_PAYMENT_SUCCESS_DIRECT=1.0
ROUTE_PAYMENT_SUCCESS=1.0
ROUTE_PAYMENT_FEE_AV=0.004046847573004935
ROUTE_PAYMENT_FEE_MED=0.005205061511523341
ROUTE_PAYMENT_FEE_Q1=0.0010059474011348325
ROUTE_PAYMENT_FEE_Q3=0.005555439491947438
