ROUTE_PAYMENT_MES_AV=7.300799999999998
ROUTE_PAYMENT_MES_AV_SUCC=5.895736848355301
ROUTE_PAYMENT_HOPS_AV=4.4364
ROUTE_PAYMENT_HOPS_AV_SUCC=4.165419783873649
ROUTE_PAYMENT_SUCCESS_DIRECT=0.8421
ROUTE_PAYMENT_SUCCESS=0.8421
