ROUTE_PAYMENT_MES_AV=7.481199999999999
ROUTE_PAYMENT_MES_AV_SUCC=6.178591423132908
ROUTE_PAYMENT_HOPS_AV=4.589200000000001
ROUTE_PAYMENT_HOPS_AV_SUCC=4.274773261672826
ROUTE_PAYMENT_SUCCESS_DIRECT=0.8931
ROUTE_PAYMENT_SUCCESS=0.8931
