ROUTE_PAYMENT_MES_AV=5.198899999999999
ROUTE_PAYMENT_MES_AV_SUCC=4.429105297867665
ROUTE_PAYMENT_HOPS_AV=5.108200000000003
ROUTE_PAYMENT_HOPS_AV_SUCC=4.418443613981096
ROUTE_PAYMENT_SUCCESS_DIRECT=0.9098
ROUTE_PAYMENT_SUCCESS=0.9098
