ROUTE_PAYMENT_MES_AV=5.793900000000002
ROUTE_PAYMENT_MES_AV_SUCC=4.8588386268848245
ROUTE_PAYMENT_HOPS_AV=5.4849000000000006
ROUTE_PAYMENT_HOPS_AV_SUCC=4.726125548069724
ROUTE_PAYMENT_SUCCESS_DIRECT=0.9351
ROUTE_PAYMENT_SUCCESS=0.9351
