ROUTE_PAYMENT_MES_AV=7.0378
ROUTE_PAYMENT_MES_AV_SUCC=5.632067407497861
ROUTE_PAYMENT_HOPS_AV=4.4055
ROUTE_PAYMENT_HOPS_AV_SUCC=4.140798632311637
ROUTE_PAYMENT_SUCCESS_DIRECT=0.8189
ROUTE_PAYMENT_SUCCESS=0.8189
