ROUTE_PAYMENT_MES_AV=8.771100000000006
ROUTE_PAYMENT_MES_AV_SUCC=6.875424339059768
ROUTE_PAYMENT_HOPS_AV=4.889299999999999
ROUTE_PAYMENT_HOPS_AV_SUCC=4.415800843534615
ROUTE_PAYMENT_SUCCESS_DIRECT=0.9721
ROUTE_PAYMENT_SUCCESS=0.9721
