ROUTE_PAYMENT_MES_AV=5.2811
ROUTE_PAYMENT_MES_AV_SUCC=4.623695652173916
ROUTE_PAYMENT_HOPS_AV=18.694699999999987
ROUTE_PAYMENT_HOPS_AV_SUCC=16.161413043478262
ROUTE_PAYMENT_SUCCESS_DIRECT=0.92
ROUTE_PAYMENT_SUCCESS=0.92
