ROUTE_PAYMENT_MES_AV=30.0	30.0	30.0	30.0	0.0	0.0	0.0	30.0	30.0
ROUTE_PAYMENT_MES_AV_SUCC=12.0	12.0	12.0	12.0	0.0	0.0	0.0	12.0	12.0
ROUTE_PAYMENT_HOPS_AV=22.5	22.5	22.5	22.5	0.0	0.0	0.0	22.5	22.5
ROUTE_PAYMENT_HOPS_AV_SUCC=9.0	9.0	9.0	9.0	0.0	0.0	0.0	9.0	9.0
ROUTE_PAYMENT_SUCCESS_DIRECT=0.5	0.5	0.5	0.5	0.0	0.0	0.0	0.5	0.5
ROUTE_PAYMENT_SUCCESS=2.5	2.5	2.5	2.5	0.0	0.0	0.0	2.5	2.5
ROUTE_PAYMENT_FEE_AV=0.06428571428571432	0.06428571428571432	0.06428571428571432	0.06428571428571432	0.0	0.0	0.0	0.06428571428571432	0.06428571428571432
ROUTE_PAYMENT_FEE_MED=0.0	0.0	0.0	0.0	0.0	0.0	0.0	0.0	0.0
ROUTE_PAYMENT_FEE_Q1=0.0	0.0	0.0	0.0	0.0	0.0	0.0	0.0	0.0
ROUTE_PAYMENT_FEE_Q3=0.18000000000000005	0.18000000000000005	0.18000000000000005	0.18000000000000005	0.0	0.0	0.0	0.18000000000000005	0.18000000000000005
