ROUTE_PAYMENT_MES_AV=5.436200000000001
ROUTE_PAYMENT_MES_AV_SUCC=4.689357517482519
ROUTE_PAYMENT_HOPS_AV=16.406099999999995
ROUTE_PAYMENT_HOPS_AV_SUCC=14.081075174825177
ROUTE_PAYMENT_SUCCESS_DIRECT=0.9152
ROUTE_PAYMENT_SUCCESS=0.9152
