ROUTE_PAYMENT_MES_AV=5.961300000000001
ROUTE_PAYMENT_MES_AV_SUCC=5.372565520557829
ROUTE_PAYMENT_HOPS_AV=8.9224
ROUTE_PAYMENT_HOPS_AV_SUCC=9.553137773503245
ROUTE_PAYMENT_SUCCESS_DIRECT=0.8318
ROUTE_PAYMENT_SUCCESS=0.8318
