ROUTE_PAYMENT_MES_AV=5.665200000000001
ROUTE_PAYMENT_MES_AV_SUCC=4.684014474244361
ROUTE_PAYMENT_HOPS_AV=7.8692
ROUTE_PAYMENT_HOPS_AV_SUCC=6.39123031077054
ROUTE_PAYMENT_SUCCESS_DIRECT=0.9396
ROUTE_PAYMENT_SUCCESS=0.9396
