ROUTE_PAYMENT_MES_AV=5.702300000000001
ROUTE_PAYMENT_MES_AV_SUCC=4.727204057408011
ROUTE_PAYMENT_HOPS_AV=21.9066
ROUTE_PAYMENT_HOPS_AV_SUCC=17.936225315636126
ROUTE_PAYMENT_SUCCESS_DIRECT=0.9267
ROUTE_PAYMENT_SUCCESS=0.9267
