ROUTE_PAYMENT_MES_AV=6.8218
ROUTE_PAYMENT_MES_AV_SUCC=5.385536096762001
ROUTE_PAYMENT_HOPS_AV=4.2806000000000015
ROUTE_PAYMENT_HOPS_AV_SUCC=4.068413758346982
ROUTE_PAYMENT_SUCCESS_DIRECT=0.7937
ROUTE_PAYMENT_SUCCESS=0.7937
