ROUTE_PAYMENT_MES_AV=6.4159999999999995
ROUTE_PAYMENT_MES_AV_SUCC=5.133307770961144
ROUTE_PAYMENT_HOPS_AV=4.195099999999998
ROUTE_PAYMENT_HOPS_AV_SUCC=4.05534253578732
ROUTE_PAYMENT_SUCCESS_DIRECT=0.7824
ROUTE_PAYMENT_SUCCESS=0.7824
