ROUTE_PAYMENT_MES_AV=6.9214999999999955
ROUTE_PAYMENT_MES_AV_SUCC=6.175301866081232
ROUTE_PAYMENT_HOPS_AV=6.976900000000002
ROUTE_PAYMENT_HOPS_AV_SUCC=6.889681668496158
ROUTE_PAYMENT_SUCCESS_DIRECT=0.911
ROUTE_PAYMENT_SUCCESS=0.911
