ROUTE_PAYMENT_MES_AV=6.829900000000001
ROUTE_PAYMENT_MES_AV_SUCC=5.483611551114903
ROUTE_PAYMENT_HOPS_AV=16.684199999999993
ROUTE_PAYMENT_HOPS_AV_SUCC=15.300231509686846
ROUTE_PAYMENT_SUCCESS_DIRECT=0.8207
ROUTE_PAYMENT_SUCCESS=0.8207
