ROUTE_PAYMENT_MES_AV=9.4801
ROUTE_PAYMENT_MES_AV_SUCC=6.973554928399707
ROUTE_PAYMENT_HOPS_AV=5.1530000000000005
ROUTE_PAYMENT_HOPS_AV_SUCC=4.468589944601233
ROUTE_PAYMENT_SUCCESS_DIRECT=0.9567
ROUTE_PAYMENT_SUCCESS=0.9567
