ROUTE_PAYMENT_MES_AV=5.4323000000000015
ROUTE_PAYMENT_MES_AV_SUCC=4.676884201274445
ROUTE_PAYMENT_HOPS_AV=20.898699999999984
ROUTE_PAYMENT_HOPS_AV_SUCC=17.962096242584042
ROUTE_PAYMENT_SUCCESS_DIRECT=0.9102
ROUTE_PAYMENT_SUCCESS=0.9102
