ROUTE_PAYMENT_MES_AV=5.7411
ROUTE_PAYMENT_MES_AV_SUCC=4.77657735522904
ROUTE_PAYMENT_HOPS_AV=5.463299999999999
ROUTE_PAYMENT_HOPS_AV_SUCC=4.673617113223853
ROUTE_PAYMENT_SUCCESS_DIRECT=0.9256
ROUTE_PAYMENT_SUCCESS=0.9256
