ROUTE_PAYMENT_MES_AV=5.832100000000004
ROUTE_PAYMENT_MES_AV_SUCC=4.646162162162162
ROUTE_PAYMENT_HOPS_AV=5.503599999999995
ROUTE_PAYMENT_HOPS_AV_SUCC=4.531999999999999
ROUTE_PAYMENT_SUCCESS_DIRECT=0.925
ROUTE_PAYMENT_SUCCESS=0.925
