ROUTE_PAYMENT_MES_AV=4.842899999999997
ROUTE_PAYMENT_MES_AV_SUCC=4.303380782918151
ROUTE_PAYMENT_HOPS_AV=38.385799999999996
ROUTE_PAYMENT_HOPS_AV_SUCC=33.33985765124556
ROUTE_PAYMENT_SUCCESS_DIRECT=0.8992
ROUTE_PAYMENT_SUCCESS=0.8992
