ROUTE_PAYMENT_MES_AV=6.450100000000002
ROUTE_PAYMENT_MES_AV_SUCC=5.0429242119382955
ROUTE_PAYMENT_HOPS_AV=4.1758
ROUTE_PAYMENT_HOPS_AV_SUCC=4.059825620389002
ROUTE_PAYMENT_SUCCESS_DIRECT=0.7455
ROUTE_PAYMENT_SUCCESS=0.7455
