ROUTE_PAYMENT_MES_AV=5.268499999999999
ROUTE_PAYMENT_MES_AV_SUCC=4.520801401357564
ROUTE_PAYMENT_HOPS_AV=5.1372
ROUTE_PAYMENT_HOPS_AV_SUCC=4.4841252463323835
ROUTE_PAYMENT_SUCCESS_DIRECT=0.9134
ROUTE_PAYMENT_SUCCESS=0.9134
