ROUTE_PAYMENT_MES_AV=7.5309
ROUTE_PAYMENT_MES_AV_SUCC=6.347835689045935
ROUTE_PAYMENT_HOPS_AV=4.5806000000000004
ROUTE_PAYMENT_HOPS_AV_SUCC=4.332597173144876
ROUTE_PAYMENT_SUCCESS_DIRECT=0.9056
ROUTE_PAYMENT_SUCCESS=0.9056
