ROUTE_PAYMENT_MES_AV=4.941600000000001
ROUTE_PAYMENT_MES_AV_SUCC=4.410039543057994
ROUTE_PAYMENT_HOPS_AV=29.866899999999994
ROUTE_PAYMENT_HOPS_AV_SUCC=26.02965729349735
ROUTE_PAYMENT_SUCCESS_DIRECT=0.9104
ROUTE_PAYMENT_SUCCESS=0.9104
