ROUTE_PAYMENT_MES_AV=6.082699999999998
ROUTE_PAYMENT_MES_AV_SUCC=4.769167579408541
ROUTE_PAYMENT_HOPS_AV=24.48780000000001
ROUTE_PAYMENT_HOPS_AV_SUCC=23.68113362541074
ROUTE_PAYMENT_SUCCESS_DIRECT=0.7304
ROUTE_PAYMENT_SUCCESS=0.7304
