ROUTE_PAYMENT_MES_AV=5.603099999999999
ROUTE_PAYMENT_MES_AV_SUCC=4.661048082117775
ROUTE_PAYMENT_HOPS_AV=43.0259
ROUTE_PAYMENT_HOPS_AV_SUCC=35.50534846029176
ROUTE_PAYMENT_SUCCESS_DIRECT=0.9255
ROUTE_PAYMENT_SUCCESS=0.9255
