ROUTE_PAYMENT_MES_AV=5.459000000000002
ROUTE_PAYMENT_MES_AV_SUCC=4.620344456404736
ROUTE_PAYMENT_HOPS_AV=41.61130000000002
ROUTE_PAYMENT_HOPS_AV_SUCC=34.95328310010763
ROUTE_PAYMENT_SUCCESS_DIRECT=0.929
ROUTE_PAYMENT_SUCCESS=0.929
