ROUTE_PAYMENT_MES_AV=6.197500000000001
ROUTE_PAYMENT_MES_AV_SUCC=4.784857571214388
ROUTE_PAYMENT_HOPS_AV=5.8454
ROUTE_PAYMENT_HOPS_AV_SUCC=4.66031270079246
ROUTE_PAYMENT_SUCCESS_DIRECT=0.9338
ROUTE_PAYMENT_SUCCESS=0.9338
