ROUTE_PAYMENT_MES_AV=5.780600000000001
ROUTE_PAYMENT_MES_AV_SUCC=4.701908642504824
ROUTE_PAYMENT_HOPS_AV=5.501100000000003
ROUTE_PAYMENT_HOPS_AV_SUCC=4.575058974908857
ROUTE_PAYMENT_SUCCESS_DIRECT=0.9326
ROUTE_PAYMENT_SUCCESS=0.9326
