ROUTE_PAYMENT_MES_AV=6.435700000000001
ROUTE_PAYMENT_MES_AV_SUCC=5.043834914124583
ROUTE_PAYMENT_HOPS_AV=4.170500000000003
ROUTE_PAYMENT_HOPS_AV_SUCC=4.010125608818251
ROUTE_PAYMENT_SUCCESS_DIRECT=0.7802
ROUTE_PAYMENT_SUCCESS=0.7802
