ROUTE_PAYMENT_MES_AV=5.333215000000001	5.325899999999998	5.136099999999999	5.514000000000004	0.008757859275000118	0.0075827702250001565	0.010194079225000069	5.29220025131685	5.374229748683152
ROUTE_PAYMENT_MES_AV_SUCC=4.5997632623247275	4.60499186109604	4.495515204550427	4.689357517482519	0.002301687114451419	0.0028477588036039483	0.0018549011869629856	4.578736896472687	4.620789628176768
ROUTE_PAYMENT_HOPS_AV=15.986815000000004	16.216600000000003	11.617699999999985	18.494800000000005	2.4232615222750042	3.644270834475016	1.6092553141416641	15.304568656515055	16.66906134348495
ROUTE_PAYMENT_HOPS_AV_SUCC=13.723335721808322	13.95930801871396	9.823002159827217	16.449999999999992	2.331865910557755	3.346425581539575	1.6554927965698747	13.054078817398713	14.392592626217931
ROUTE_PAYMENT_SUCCESS_DIRECT=0.9186350000000003	0.9191	0.9093	0.926	1.9137275000000036E-5	1.983962500000225E-5	1.843492499999782E-5	0.9167177395111777	0.9205522604888229
ROUTE_PAYMENT_SUCCESS=0.9186350000000003	0.9191	0.9093	0.926	1.9137275000000036E-5	1.983962500000225E-5	1.843492499999782E-5	0.9167177395111777	0.9205522604888229
