ROUTE_PAYMENT_MES_AV=4.007000000000001
ROUTE_PAYMENT_MES_AV_SUCC=3.9690671031096563
ROUTE_PAYMENT_HOPS_AV=15.601000000000004
ROUTE_PAYMENT_HOPS_AV_SUCC=20.280032733224218
ROUTE_PAYMENT_SUCCESS_DIRECT=0.611
ROUTE_PAYMENT_SUCCESS=0.611
