ROUTE_PAYMENT_MES_AV=4.89446	4.877700000000002	4.6922	5.220100000000001	0.01653314140000009	0.010424326933333313	0.02569636310000025	4.838106776488722	4.950813223511277
ROUTE_PAYMENT_MES_AV_SUCC=4.305607947662547	4.287505597850426	4.175232942590921	4.497543352601157	0.007294991539593096	0.004098533787244835	0.013231270222525581	4.26817504802967	4.343040847295423
ROUTE_PAYMENT_HOPS_AV=3.611845	3.6109999999999998	3.5402	3.7131	0.002586083475000011	0.0019343146613636467	0.00338268980277779	3.5895574493522058	3.6341325506477946
ROUTE_PAYMENT_HOPS_AV_SUCC=3.8276136140652026	3.826766012322682	3.785866932611483	3.919942196531792	9.906808500387688E-4	6.343267885945018E-4	0.0015252119422051692	3.8138190507275884	3.841408177402817
ROUTE_PAYMENT_SUCCESS_DIRECT=0.6745099999999999	0.6699	0.6512	0.7019	2.3157889999999952E-4	1.9286955454545288E-4	2.788903222222231E-4	0.6678405416177923	0.6811794583822076
ROUTE_PAYMENT_SUCCESS=0.6745099999999999	0.6699	0.6512	0.7019	2.3157889999999952E-4	1.9286955454545288E-4	2.788903222222231E-4	0.6678405416177923	0.6811794583822076
