ROUTE_PAYMENT_MES_AV=5.196000000000002
ROUTE_PAYMENT_MES_AV_SUCC=4.523446140234465
ROUTE_PAYMENT_HOPS_AV=34.14260000000002
ROUTE_PAYMENT_HOPS_AV_SUCC=29.17573545675736
ROUTE_PAYMENT_SUCCESS_DIRECT=0.9042
ROUTE_PAYMENT_SUCCESS=0.9042
