ROUTE_PAYMENT_MES_AV=6.542499999999997
ROUTE_PAYMENT_MES_AV_SUCC=5.365243004418261
ROUTE_PAYMENT_HOPS_AV=17.793799999999994
ROUTE_PAYMENT_HOPS_AV_SUCC=16.625184094256284
ROUTE_PAYMENT_SUCCESS_DIRECT=0.8148
ROUTE_PAYMENT_SUCCESS=0.8148
