ROUTE_PAYMENT_MES_AV=5.395200000000001
ROUTE_PAYMENT_MES_AV_SUCC=4.562479888447924
ROUTE_PAYMENT_HOPS_AV=5.220200000000001
ROUTE_PAYMENT_HOPS_AV_SUCC=4.493939718974579
ROUTE_PAYMENT_SUCCESS_DIRECT=0.9323
ROUTE_PAYMENT_SUCCESS=0.9323
