ROUTE_PAYMENT_MES_AV=5.340000000000002
ROUTE_PAYMENT_MES_AV_SUCC=4.858008429926236
ROUTE_PAYMENT_HOPS_AV=10.628700000000002
ROUTE_PAYMENT_HOPS_AV_SUCC=11.943888303477344
ROUTE_PAYMENT_SUCCESS_DIRECT=0.7592
ROUTE_PAYMENT_SUCCESS=0.7592
