ROUTE_PAYMENT_MES_AV=5.983800000000001
ROUTE_PAYMENT_MES_AV_SUCC=4.750654450261783
ROUTE_PAYMENT_HOPS_AV=36.03159999999998
ROUTE_PAYMENT_HOPS_AV_SUCC=28.47371291448516
ROUTE_PAYMENT_SUCCESS_DIRECT=0.9168
ROUTE_PAYMENT_SUCCESS=0.9168
