ROUTE_PAYMENT_MES_AV=5.638400000000001
ROUTE_PAYMENT_MES_AV_SUCC=4.708053691275167
ROUTE_PAYMENT_HOPS_AV=16.009900000000005
ROUTE_PAYMENT_HOPS_AV_SUCC=13.238904524788918
ROUTE_PAYMENT_SUCCESS_DIRECT=0.9238
ROUTE_PAYMENT_SUCCESS=0.9238
