ROUTE_PAYMENT_MES_AV=5.280100000000001
ROUTE_PAYMENT_MES_AV_SUCC=4.801226158038146
ROUTE_PAYMENT_HOPS_AV=11.138800000000002
ROUTE_PAYMENT_HOPS_AV_SUCC=12.688419618528606
ROUTE_PAYMENT_SUCCESS_DIRECT=0.734
ROUTE_PAYMENT_SUCCESS=0.734
