ROUTE_PAYMENT_MES_AV=6.114899999999999
ROUTE_PAYMENT_MES_AV_SUCC=4.855517017125516
ROUTE_PAYMENT_HOPS_AV=11.117299999999998
ROUTE_PAYMENT_HOPS_AV_SUCC=8.962930847604596
ROUTE_PAYMENT_SUCCESS_DIRECT=0.9226
ROUTE_PAYMENT_SUCCESS=0.9226
