ROUTE_PAYMENT_MES_AV=7.180599999999999
ROUTE_PAYMENT_MES_AV_SUCC=5.804000925069381
ROUTE_PAYMENT_HOPS_AV=4.473100000000001
ROUTE_PAYMENT_HOPS_AV_SUCC=4.196577243293246
ROUTE_PAYMENT_SUCCESS_DIRECT=0.8648
ROUTE_PAYMENT_SUCCESS=0.8648
