ROUTE_PAYMENT_MES_AV=5.827399999999999
ROUTE_PAYMENT_MES_AV_SUCC=4.806833956219971
ROUTE_PAYMENT_HOPS_AV=5.510600000000004
ROUTE_PAYMENT_HOPS_AV_SUCC=4.6747463961559
ROUTE_PAYMENT_SUCCESS_DIRECT=0.9365
ROUTE_PAYMENT_SUCCESS=0.9365
