ROUTE_PAYMENT_MES_AV=5.051499999999999
ROUTE_PAYMENT_MES_AV_SUCC=4.520087815587267
ROUTE_PAYMENT_HOPS_AV=39.51529999999998
ROUTE_PAYMENT_HOPS_AV_SUCC=34.66136114160263
ROUTE_PAYMENT_SUCCESS_DIRECT=0.911
ROUTE_PAYMENT_SUCCESS=0.911
