ROUTE_PAYMENT_MES_AV=8.493300000000001
ROUTE_PAYMENT_MES_AV_SUCC=6.631635969664137
ROUTE_PAYMENT_HOPS_AV=4.8475
ROUTE_PAYMENT_HOPS_AV_SUCC=4.396208017334779
ROUTE_PAYMENT_SUCCESS_DIRECT=0.923
ROUTE_PAYMENT_SUCCESS=0.923
