ROUTE_PAYMENT_MES_AV=5.3970999999999965
ROUTE_PAYMENT_MES_AV_SUCC=4.863298859718907
ROUTE_PAYMENT_HOPS_AV=10.485600000000002
ROUTE_PAYMENT_HOPS_AV_SUCC=11.755767700875104
ROUTE_PAYMENT_SUCCESS_DIRECT=0.7542
ROUTE_PAYMENT_SUCCESS=0.7542
