ROUTE_PAYMENT_MES_AV=7.182699999999996
ROUTE_PAYMENT_MES_AV_SUCC=5.693037214885955
ROUTE_PAYMENT_HOPS_AV=4.468399999999999
ROUTE_PAYMENT_HOPS_AV_SUCC=4.1774309723889544
ROUTE_PAYMENT_SUCCESS_DIRECT=0.833
ROUTE_PAYMENT_SUCCESS=0.833
