ROUTE_PAYMENT_MES_AV=5.8106000000000035
ROUTE_PAYMENT_MES_AV_SUCC=4.7158191477827165
ROUTE_PAYMENT_HOPS_AV=5.505400000000002
ROUTE_PAYMENT_HOPS_AV_SUCC=4.614984278434349
ROUTE_PAYMENT_SUCCESS_DIRECT=0.9223
ROUTE_PAYMENT_SUCCESS=0.9223
