ROUTE_PAYMENT_MES_AV=6.966300000000001
ROUTE_PAYMENT_MES_AV_SUCC=6.218770875083501
ROUTE_PAYMENT_HOPS_AV=4.399200000000001
ROUTE_PAYMENT_HOPS_AV_SUCC=4.2791137831218
ROUTE_PAYMENT_SUCCESS_DIRECT=0.8982
ROUTE_PAYMENT_SUCCESS=0.8982
