ROUTE_PAYMENT_MES_AV=5.9985000000000035
ROUTE_PAYMENT_MES_AV_SUCC=4.801065333188389
ROUTE_PAYMENT_HOPS_AV=5.670600000000003
ROUTE_PAYMENT_HOPS_AV_SUCC=4.692683987389935
ROUTE_PAYMENT_SUCCESS_DIRECT=0.9199
ROUTE_PAYMENT_SUCCESS=0.9199
