ROUTE_PAYMENT_MES_AV=5.875900000000003
ROUTE_PAYMENT_MES_AV_SUCC=4.780634749865519
ROUTE_PAYMENT_HOPS_AV=5.5855999999999995
ROUTE_PAYMENT_HOPS_AV_SUCC=4.694782140935986
ROUTE_PAYMENT_SUCCESS_DIRECT=0.9295
ROUTE_PAYMENT_SUCCESS=0.9295
