ROUTE_PAYMENT_MES_AV=5.892400000000003
ROUTE_PAYMENT_MES_AV_SUCC=4.926393495239115
ROUTE_PAYMENT_HOPS_AV=5.592599999999999
ROUTE_PAYMENT_HOPS_AV_SUCC=4.790841981384404
ROUTE_PAYMENT_SUCCESS_DIRECT=0.9347
ROUTE_PAYMENT_SUCCESS=0.9347
