ROUTE_PAYMENT_MES_AV=6.0624999999999964
ROUTE_PAYMENT_MES_AV_SUCC=4.755984472719434
ROUTE_PAYMENT_HOPS_AV=5.708399999999999
ROUTE_PAYMENT_HOPS_AV_SUCC=4.634569764934225
ROUTE_PAYMENT_SUCCESS_DIRECT=0.9274
ROUTE_PAYMENT_SUCCESS=0.9274
