ROUTE_PAYMENT_MES_AV=6.092200000000001
ROUTE_PAYMENT_MES_AV_SUCC=4.601130107215301
ROUTE_PAYMENT_HOPS_AV=30.436199999999992
ROUTE_PAYMENT_HOPS_AV_SUCC=29.154737757171837
ROUTE_PAYMENT_SUCCESS_DIRECT=0.6902
ROUTE_PAYMENT_SUCCESS=0.6902
