ROUTE_PAYMENT_MES_AV=5.9355
ROUTE_PAYMENT_MES_AV_SUCC=4.585923087838795
ROUTE_PAYMENT_HOPS_AV=29.9881
ROUTE_PAYMENT_HOPS_AV_SUCC=28.869022278983945
ROUTE_PAYMENT_SUCCESS_DIRECT=0.7047
ROUTE_PAYMENT_SUCCESS=0.7047
