ROUTE_PAYMENT_MES_AV=5.402600000000001
ROUTE_PAYMENT_MES_AV_SUCC=4.645078420767982
ROUTE_PAYMENT_HOPS_AV=3.815400000000001
ROUTE_PAYMENT_HOPS_AV_SUCC=3.9075175770686856
ROUTE_PAYMENT_SUCCESS_DIRECT=0.7396
ROUTE_PAYMENT_SUCCESS=0.7396
