ROUTE_PAYMENT_MES_AV=6.661700000000001
ROUTE_PAYMENT_MES_AV_SUCC=5.432191865496355
ROUTE_PAYMENT_HOPS_AV=4.2578000000000005
ROUTE_PAYMENT_HOPS_AV_SUCC=4.1164544443070845
ROUTE_PAYMENT_SUCCESS_DIRECT=0.8089
ROUTE_PAYMENT_SUCCESS=0.8089
