ROUTE_PAYMENT_MES_AV=5.472599999999999
ROUTE_PAYMENT_MES_AV_SUCC=4.761600865332614
ROUTE_PAYMENT_HOPS_AV=5.325100000000001
ROUTE_PAYMENT_HOPS_AV_SUCC=4.711627906976744
ROUTE_PAYMENT_SUCCESS_DIRECT=0.9245
ROUTE_PAYMENT_SUCCESS=0.9245
