ROUTE_PAYMENT_MES_AV=8.156299999999996
ROUTE_PAYMENT_MES_AV_SUCC=6.892515001579112
ROUTE_PAYMENT_HOPS_AV=4.819899999999997
ROUTE_PAYMENT_HOPS_AV_SUCC=4.480576902831874
ROUTE_PAYMENT_SUCCESS_DIRECT=0.9499
ROUTE_PAYMENT_SUCCESS=0.9499
