ROUTE_PAYMENT_MES_AV=5.264600000000003
ROUTE_PAYMENT_MES_AV_SUCC=4.472616190268383
ROUTE_PAYMENT_HOPS_AV=5.1514000000000015
ROUTE_PAYMENT_HOPS_AV_SUCC=4.447959851625573
ROUTE_PAYMENT_SUCCESS_DIRECT=0.9166
ROUTE_PAYMENT_SUCCESS=0.9166
