ROUTE_PAYMENT_MES_AV=5.941900000000005
ROUTE_PAYMENT_MES_AV_SUCC=4.740732711901148
ROUTE_PAYMENT_HOPS_AV=28.478100000000005
ROUTE_PAYMENT_HOPS_AV_SUCC=22.203880338174738
ROUTE_PAYMENT_SUCCESS_DIRECT=0.9226
ROUTE_PAYMENT_SUCCESS=0.9226
