ROUTE_PAYMENT_MES_AV=5.946999999999998
ROUTE_PAYMENT_MES_AV_SUCC=5.153093665932992
ROUTE_PAYMENT_HOPS_AV=4.033600000000001
ROUTE_PAYMENT_HOPS_AV_SUCC=3.9728539985326483
ROUTE_PAYMENT_SUCCESS_DIRECT=0.8178
ROUTE_PAYMENT_SUCCESS=0.8178
