ROUTE_PAYMENT_MES_AV=6.735099999999997
ROUTE_PAYMENT_MES_AV_SUCC=5.519582565991404
ROUTE_PAYMENT_HOPS_AV=16.44590000000001
ROUTE_PAYMENT_HOPS_AV_SUCC=15.49429097605893
ROUTE_PAYMENT_SUCCESS_DIRECT=0.8145
ROUTE_PAYMENT_SUCCESS=0.8145
