ROUTE_PAYMENT_MES_AV=7.649099999999995
ROUTE_PAYMENT_MES_AV_SUCC=6.106011932078935
ROUTE_PAYMENT_HOPS_AV=4.6152999999999995
ROUTE_PAYMENT_HOPS_AV_SUCC=4.256195502524093
ROUTE_PAYMENT_SUCCESS_DIRECT=0.8716
ROUTE_PAYMENT_SUCCESS=0.8716
