ROUTE_PAYMENT_MES_AV=4.7967
ROUTE_PAYMENT_MES_AV_SUCC=4.268381815524046
ROUTE_PAYMENT_HOPS_AV=3.601900000000001
ROUTE_PAYMENT_HOPS_AV_SUCC=3.8229790966233006
ROUTE_PAYMENT_SUCCESS_DIRECT=0.6841
ROUTE_PAYMENT_SUCCESS=0.6841
