ROUTE_PAYMENT_MES_AV=6.860699999999998
ROUTE_PAYMENT_MES_AV_SUCC=5.449569495694957
ROUTE_PAYMENT_HOPS_AV=4.3571
ROUTE_PAYMENT_HOPS_AV_SUCC=4.125707257072572
ROUTE_PAYMENT_SUCCESS_DIRECT=0.813
ROUTE_PAYMENT_SUCCESS=0.813
