ROUTE_PAYMENT_MES_AV=5.915799999999997
ROUTE_PAYMENT_MES_AV_SUCC=4.6372932985204525
ROUTE_PAYMENT_HOPS_AV=45.81859999999999
ROUTE_PAYMENT_HOPS_AV_SUCC=35.63294168842468
ROUTE_PAYMENT_SUCCESS_DIRECT=0.9192
ROUTE_PAYMENT_SUCCESS=0.9192
