ROUTE_PAYMENT_MES_AV=6.523100000000001
ROUTE_PAYMENT_MES_AV_SUCC=5.178625760649086
ROUTE_PAYMENT_HOPS_AV=4.164999999999999
ROUTE_PAYMENT_HOPS_AV_SUCC=4.011790060851927
ROUTE_PAYMENT_SUCCESS_DIRECT=0.7888
ROUTE_PAYMENT_SUCCESS=0.7888
