ROUTE_PAYMENT_MES_AV=4.354100000000001
ROUTE_PAYMENT_MES_AV_SUCC=4.127388535031846
ROUTE_PAYMENT_HOPS_AV=13.851699999999996
ROUTE_PAYMENT_HOPS_AV_SUCC=17.328724561130965
ROUTE_PAYMENT_SUCCESS_DIRECT=0.6437
ROUTE_PAYMENT_SUCCESS=0.6437
