ROUTE_PAYMENT_MES_AV=5.915099999999999
ROUTE_PAYMENT_MES_AV_SUCC=4.522530456480258
ROUTE_PAYMENT_HOPS_AV=29.672300000000018
ROUTE_PAYMENT_HOPS_AV_SUCC=28.735212094525167
ROUTE_PAYMENT_SUCCESS_DIRECT=0.6813
ROUTE_PAYMENT_SUCCESS=0.6813
