ROUTE_PAYMENT_MES_AV=4.232100000000001
ROUTE_PAYMENT_MES_AV_SUCC=4.092497270316642
ROUTE_PAYMENT_HOPS_AV=14.540300000000006
ROUTE_PAYMENT_HOPS_AV_SUCC=18.48276399937607
ROUTE_PAYMENT_SUCCESS_DIRECT=0.6411
ROUTE_PAYMENT_SUCCESS=0.6411
