ROUTE_PAYMENT_MES_AV=3.9692999999999996
ROUTE_PAYMENT_MES_AV_SUCC=3.9841350210970465
ROUTE_PAYMENT_HOPS_AV=15.923799999999998
ROUTE_PAYMENT_HOPS_AV_SUCC=21.353586497890305
ROUTE_PAYMENT_SUCCESS_DIRECT=0.5925
ROUTE_PAYMENT_SUCCESS=0.5925
