ROUTE_PAYMENT_MES_AV=5.705599999999999
ROUTE_PAYMENT_MES_AV_SUCC=4.745920242083647
ROUTE_PAYMENT_HOPS_AV=5.436699999999996
ROUTE_PAYMENT_HOPS_AV_SUCC=4.656651896682156
ROUTE_PAYMENT_SUCCESS_DIRECT=0.9253
ROUTE_PAYMENT_SUCCESS=0.9253
