ROUTE_PAYMENT_MES_AV=11.580000000000002
ROUTE_PAYMENT_MES_AV_SUCC=10.019607843137255
ROUTE_PAYMENT_HOPS_AV=2.5900000000000003
ROUTE_PAYMENT_HOPS_AV_SUCC=3.313725490196078
ROUTE_PAYMENT_SUCCESS_DIRECT=0.51
ROUTE_PAYMENT_SUCCESS=0.51
ROUTE_PAYMENT_FEE_AV=0.0
ROUTE_PAYMENT_FEE_MED=0.0
ROUTE_PAYMENT_FEE_Q1=0.0
ROUTE_PAYMENT_FEE_Q3=0.0
