ROUTE_PAYMENT_MES_AV=11.160000000000004
ROUTE_PAYMENT_MES_AV_SUCC=13.549019607843135
ROUTE_PAYMENT_HOPS_AV=2.4999999999999996
ROUTE_PAYMENT_HOPS_AV_SUCC=3.2549019607843133
ROUTE_PAYMENT_SUCCESS_DIRECT=0.51
ROUTE_PAYMENT_SUCCESS=0.51
ROUTE_PAYMENT_FEE_AV=0.0
ROUTE_PAYMENT_FEE_MED=0.0
ROUTE_PAYMENT_FEE_Q1=0.0
ROUTE_PAYMENT_FEE_Q3=0.0
