ROUTE_PAYMENT_MES_AV=7.054000000000001
ROUTE_PAYMENT_MES_AV_SUCC=5.8389990557129385
ROUTE_PAYMENT_HOPS_AV=12.385499999999993
ROUTE_PAYMENT_HOPS_AV_SUCC=11.864966949952787
ROUTE_PAYMENT_SUCCESS_DIRECT=0.8472
ROUTE_PAYMENT_SUCCESS=0.8472
