ROUTE_PAYMENT_MES_AV=5.884999999999999
ROUTE_PAYMENT_MES_AV_SUCC=4.7610600555674285
ROUTE_PAYMENT_HOPS_AV=5.573500000000002
ROUTE_PAYMENT_HOPS_AV_SUCC=4.6349647360547115
ROUTE_PAYMENT_SUCCESS_DIRECT=0.9358
ROUTE_PAYMENT_SUCCESS=0.9358
