ROUTE_PAYMENT_MES_AV=11.770000000000001
ROUTE_PAYMENT_MES_AV_SUCC=14.169811320754716
ROUTE_PAYMENT_HOPS_AV=2.55
ROUTE_PAYMENT_HOPS_AV_SUCC=3.2264150943396226
ROUTE_PAYMENT_SUCCESS_DIRECT=0.53
ROUTE_PAYMENT_SUCCESS=0.53
ROUTE_PAYMENT_FEE_AV=1.0003034669488315
ROUTE_PAYMENT_FEE_MED=1.0003034669488315
ROUTE_PAYMENT_FEE_Q1=1.0003034669488315
ROUTE_PAYMENT_FEE_Q3=1.0003034669488315
