ROUTE_PAYMENT_MES_AV=11.98
ROUTE_PAYMENT_MES_AV_SUCC=7.999999999999999
ROUTE_PAYMENT_HOPS_AV=2.57
ROUTE_PAYMENT_HOPS_AV_SUCC=3.4042553191489358
ROUTE_PAYMENT_SUCCESS_DIRECT=0.47
ROUTE_PAYMENT_SUCCESS=0.47
ROUTE_PAYMENT_FEE_AV=1.0001834753639816
ROUTE_PAYMENT_FEE_MED=1.0001633721383434
ROUTE_PAYMENT_FEE_Q1=1.0001118409076286
ROUTE_PAYMENT_FEE_Q3=1.0001633721383434
