ROUTE_PAYMENT_MES_AV=5.289899999999997
ROUTE_PAYMENT_MES_AV_SUCC=4.603534258456202
ROUTE_PAYMENT_HOPS_AV=16.024200000000008
ROUTE_PAYMENT_HOPS_AV_SUCC=13.818950563746748
ROUTE_PAYMENT_SUCCESS_DIRECT=0.9224
ROUTE_PAYMENT_SUCCESS=0.9224
