ROUTE_PAYMENT_MES_AV=5.134499999999999
ROUTE_PAYMENT_MES_AV_SUCC=4.643521126760562
ROUTE_PAYMENT_HOPS_AV=11.950099999999999
ROUTE_PAYMENT_HOPS_AV_SUCC=14.002535211267599
ROUTE_PAYMENT_SUCCESS_DIRECT=0.71
ROUTE_PAYMENT_SUCCESS=0.71
