ROUTE_PAYMENT_MES_AV=6.6176
ROUTE_PAYMENT_MES_AV_SUCC=5.329426751592356
ROUTE_PAYMENT_HOPS_AV=4.216100000000002
ROUTE_PAYMENT_HOPS_AV_SUCC=4.074140127388535
ROUTE_PAYMENT_SUCCESS_DIRECT=0.785
ROUTE_PAYMENT_SUCCESS=0.785
