ROUTE_PAYMENT_MES_AV=14.894199999999996
ROUTE_PAYMENT_MES_AV_SUCC=14.884569017480406
ROUTE_PAYMENT_HOPS_AV=3.9651999999999994
ROUTE_PAYMENT_HOPS_AV_SUCC=3.961623467952582
ROUTE_PAYMENT_SUCCESS_DIRECT=0.9954
ROUTE_PAYMENT_SUCCESS=0.9954
ROUTE_PAYMENT_FEE_AV=2.3102410252386343
ROUTE_PAYMENT_FEE_MED=4.081793769213192
ROUTE_PAYMENT_FEE_Q1=1.7098972894107154
ROUTE_PAYMENT_FEE_Q3=2.9669474922820047
