ROUTE_PAYMENT_MES_AV=6.6061999999999985
ROUTE_PAYMENT_MES_AV_SUCC=5.161147327249023
ROUTE_PAYMENT_HOPS_AV=21.18149999999999
ROUTE_PAYMENT_HOPS_AV_SUCC=19.64928292046936
ROUTE_PAYMENT_SUCCESS_DIRECT=0.767
ROUTE_PAYMENT_SUCCESS=0.767
