ROUTE_PAYMENT_MES_AV=5.010599999999998
ROUTE_PAYMENT_MES_AV_SUCC=4.479125466930346
ROUTE_PAYMENT_HOPS_AV=37.008200000000016
ROUTE_PAYMENT_HOPS_AV_SUCC=32.57163260821795
ROUTE_PAYMENT_SUCCESS_DIRECT=0.9102
ROUTE_PAYMENT_SUCCESS=0.9102
