ROUTE_PAYMENT_MES_AV=10.049000000000001
ROUTE_PAYMENT_MES_AV_SUCC=7.156320890905344
ROUTE_PAYMENT_HOPS_AV=5.2354999999999965
ROUTE_PAYMENT_HOPS_AV_SUCC=4.516910703237778
ROUTE_PAYMENT_SUCCESS_DIRECT=0.9698
ROUTE_PAYMENT_SUCCESS=0.9698
