ROUTE_PAYMENT_MES_AV=2.6666666666666665	2.6666666666666665	2.6666666666666665	2.6666666666666665	0.0	0.0	0.0	2.6666666666666665	2.6666666666666665
ROUTE_PAYMENT_MES_AV_SUCC=4.0	4.0	4.0	4.0	0.0	0.0	0.0	4.0	4.0
ROUTE_PAYMENT_HOPS_AV=2.0	2.0	2.0	2.0	0.0	0.0	0.0	2.0	2.0
ROUTE_PAYMENT_HOPS_AV_SUCC=3.0	3.0	3.0	3.0	0.0	0.0	0.0	3.0	3.0
ROUTE_PAYMENT_SUCCESS_DIRECT=0.6666666666666666	0.6666666666666666	0.6666666666666666	0.6666666666666666	0.0	0.0	0.0	0.6666666666666666	0.6666666666666666
ROUTE_PAYMENT_SUCCESS=0.6666666666666666	0.6666666666666666	0.6666666666666666	0.6666666666666666	0.0	0.0	0.0	0.6666666666666666	0.6666666666666666
