ROUTE_PAYMENT_MES_AV=3.5193999999999996
ROUTE_PAYMENT_MES_AV_SUCC=3.734262034914477
ROUTE_PAYMENT_HOPS_AV=19.461700000000008
ROUTE_PAYMENT_HOPS_AV_SUCC=26.65438194321988
ROUTE_PAYMENT_SUCCESS_DIRECT=0.5671
ROUTE_PAYMENT_SUCCESS=0.5671
