ROUTE_PAYMENT_MES_AV=5.312899999999998
ROUTE_PAYMENT_MES_AV_SUCC=4.78763548775592
ROUTE_PAYMENT_HOPS_AV=11.076499999999998
ROUTE_PAYMENT_HOPS_AV_SUCC=12.526027030643649
ROUTE_PAYMENT_SUCCESS_DIRECT=0.7473
ROUTE_PAYMENT_SUCCESS=0.7473
