ROUTE_PAYMENT_MES_AV=6.501800000000003
ROUTE_PAYMENT_MES_AV_SUCC=5.10556066780597
ROUTE_PAYMENT_HOPS_AV=4.153099999999999
ROUTE_PAYMENT_HOPS_AV_SUCC=4.017352438543447
ROUTE_PAYMENT_SUCCESS_DIRECT=0.7607
ROUTE_PAYMENT_SUCCESS=0.7607
