ROUTE_PAYMENT_MES_AV=6.882
ROUTE_PAYMENT_MES_AV_SUCC=5.586984918655744
ROUTE_PAYMENT_HOPS_AV=4.294100000000002
ROUTE_PAYMENT_HOPS_AV_SUCC=4.078137988362428
ROUTE_PAYMENT_SUCCESS_DIRECT=0.8421
ROUTE_PAYMENT_SUCCESS=0.8421
