ROUTE_PAYMENT_MES_AV=7.099099999999999
ROUTE_PAYMENT_MES_AV_SUCC=5.94970691676436
ROUTE_PAYMENT_HOPS_AV=13.718500000000002
ROUTE_PAYMENT_HOPS_AV_SUCC=12.893200468933175
ROUTE_PAYMENT_SUCCESS_DIRECT=0.853
ROUTE_PAYMENT_SUCCESS=0.853
