ROUTE_PAYMENT_MES_AV=5.797900000000002
ROUTE_PAYMENT_MES_AV_SUCC=4.770280434081873
ROUTE_PAYMENT_HOPS_AV=5.502699999999999
ROUTE_PAYMENT_HOPS_AV_SUCC=4.670463092296122
ROUTE_PAYMENT_SUCCESS_DIRECT=0.9307
ROUTE_PAYMENT_SUCCESS=0.9307
