ROUTE_PAYMENT_MES_AV=6.248200000000003
ROUTE_PAYMENT_MES_AV_SUCC=5.612286363093102
ROUTE_PAYMENT_HOPS_AV=8.939699999999998
ROUTE_PAYMENT_HOPS_AV_SUCC=9.431934982670015
ROUTE_PAYMENT_SUCCESS_DIRECT=0.8367
ROUTE_PAYMENT_SUCCESS=0.8367
