ROUTE_PAYMENT_MES_AV=5.0	5.0	5.0	5.0	0.0	0.0	0.0	5.0	5.0
ROUTE_PAYMENT_MES_AV_SUCC=5.0	5.0	5.0	5.0	0.0	0.0	0.0	5.0	5.0
ROUTE_PAYMENT_HOPS_AV=2.0	2.0	2.0	2.0	0.0	0.0	0.0	2.0	2.0
ROUTE_PAYMENT_HOPS_AV_SUCC=2.0	2.0	2.0	2.0	0.0	0.0	0.0	2.0	2.0
ROUTE_PAYMENT_SUCCESS_DIRECT=1.0	1.0	1.0	1.0	0.0	0.0	0.0	1.0	1.0
ROUTE_PAYMENT_SUCCESS=1.0	1.0	1.0	1.0	0.0	0.0	0.0	1.0	1.0
ROUTE_PAYMENT_TEST_AV_CAPACITY=0.0	0.0	0.0	0.0	0.0	0.0	0.0	0.0	0.0
ROUTE_PAYMENT_TEST_AV_POTENTIAL=0.0	0.0	0.0	0.0	0.0	0.0	0.0	0.0	0.0
ROUTE_PAYMENT_FEE_AV=1.000120005000052	1.000120005000052	1.000120005000052	1.000120005000052	0.0	0.0	0.0	1.000120005000052	1.000120005000052
ROUTE_PAYMENT_FEE_MED=1.000120005000052	1.000120005000052	1.000120005000052	1.000120005000052	0.0	0.0	0.0	1.000120005000052	1.000120005000052
ROUTE_PAYMENT_FEE_Q1=1.000120005000052	1.000120005000052	1.000120005000052	1.000120005000052	0.0	0.0	0.0	1.000120005000052	1.000120005000052
ROUTE_PAYMENT_FEE_Q3=1.000120005000052	1.000120005000052	1.000120005000052	1.000120005000052	0.0	0.0	0.0	1.000120005000052	1.000120005000052
