ROUTE_PAYMENT_MES_AV=6.6457000000000015
ROUTE_PAYMENT_MES_AV_SUCC=5.095582536812194
ROUTE_PAYMENT_HOPS_AV=4.2324
ROUTE_PAYMENT_HOPS_AV_SUCC=4.027641436321363
ROUTE_PAYMENT_SUCCESS_DIRECT=0.7742
ROUTE_PAYMENT_SUCCESS=0.7742
