ROUTE_PAYMENT_MES_AV=5.292000000000004
ROUTE_PAYMENT_MES_AV_SUCC=4.562014230979749
ROUTE_PAYMENT_HOPS_AV=5.189800000000002
ROUTE_PAYMENT_HOPS_AV_SUCC=4.544499178981939
ROUTE_PAYMENT_SUCCESS_DIRECT=0.9135
ROUTE_PAYMENT_SUCCESS=0.9135
