ROUTE_PAYMENT_MES_AV=6.152900000000003
ROUTE_PAYMENT_MES_AV_SUCC=4.870959229449794
ROUTE_PAYMENT_HOPS_AV=22.946999999999992
ROUTE_PAYMENT_HOPS_AV_SUCC=21.775036284470247
ROUTE_PAYMENT_SUCCESS_DIRECT=0.7579
ROUTE_PAYMENT_SUCCESS=0.7579
