ROUTE_PAYMENT_MES_AV=5.1688350000000005	5.178500000000004	4.967999999999997	5.3103	0.007090094275000114	0.009868724225000295	0.0052376743083333245	5.131931540699522	5.205738459300479
ROUTE_PAYMENT_MES_AV_SUCC=4.521364087574405	4.521077024939309	4.462065157371619	4.613932435416206	0.002197351567378567	0.0015235235069694724	0.003020919196767458	4.500819811265368	4.541908363883442
ROUTE_PAYMENT_HOPS_AV=5.100165	5.1092999999999975	4.903999999999997	5.231900000000003	0.006736424275000071	0.008541348225000035	0.005259668315909191	5.064193728480327	5.136136271519672
ROUTE_PAYMENT_HOPS_AV_SUCC=4.516908573186502	4.515338777311856	4.458641634456103	4.6105181231932395	0.002149739511322732	0.0014596117799576993	0.002993228960768883	4.496588091761721	4.537229054611283
ROUTE_PAYMENT_SUCCESS_DIRECT=0.9069699999999999	0.9068	0.8994	0.9152	1.6162100000000013E-5	1.3548899999999753E-5	2.008190000000039E-5	0.9052080646527184	0.9087319353472815
ROUTE_PAYMENT_SUCCESS=0.9069699999999999	0.9068	0.8994	0.9152	1.6162100000000013E-5	1.3548899999999753E-5	2.008190000000039E-5	0.9052080646527184	0.9087319353472815
