ROUTE_PAYMENT_MES_AV=5.581199999999998
ROUTE_PAYMENT_MES_AV_SUCC=4.684815618221259
ROUTE_PAYMENT_HOPS_AV=5.374699999999998
ROUTE_PAYMENT_HOPS_AV_SUCC=4.6045553145336235
ROUTE_PAYMENT_SUCCESS_DIRECT=0.922
ROUTE_PAYMENT_SUCCESS=0.922
