ROUTE_PAYMENT_MES_AV=5.130800000000001
ROUTE_PAYMENT_MES_AV_SUCC=4.472078422733781
ROUTE_PAYMENT_HOPS_AV=5.068200000000002
ROUTE_PAYMENT_HOPS_AV_SUCC=4.469655248375372
ROUTE_PAYMENT_SUCCESS_DIRECT=0.9079
ROUTE_PAYMENT_SUCCESS=0.9079
