ROUTE_PAYMENT_MES_AV=5.656500000000003
ROUTE_PAYMENT_MES_AV_SUCC=4.712863705972433
ROUTE_PAYMENT_HOPS_AV=9.9375
ROUTE_PAYMENT_HOPS_AV_SUCC=8.267993874425729
ROUTE_PAYMENT_SUCCESS_DIRECT=0.9142
ROUTE_PAYMENT_SUCCESS=0.9142
