ROUTE_PAYMENT_MES_AV=5.678499999999999
ROUTE_PAYMENT_MES_AV_SUCC=4.823529411764705
ROUTE_PAYMENT_HOPS_AV=5.414399999999999
ROUTE_PAYMENT_HOPS_AV_SUCC=4.711413679395809
ROUTE_PAYMENT_SUCCESS_DIRECT=0.9401
ROUTE_PAYMENT_SUCCESS=0.9401
