ROUTE_PAYMENT_MES_AV=6.801299999999996
ROUTE_PAYMENT_MES_AV_SUCC=5.395575877409787
ROUTE_PAYMENT_HOPS_AV=4.311299999999999
ROUTE_PAYMENT_HOPS_AV_SUCC=4.0871230845279305
ROUTE_PAYMENT_SUCCESS_DIRECT=0.8092
ROUTE_PAYMENT_SUCCESS=0.8092
