ROUTE_PAYMENT_MES_AV=6.286
ROUTE_PAYMENT_MES_AV_SUCC=4.842420996250668
ROUTE_PAYMENT_HOPS_AV=5.8867
ROUTE_PAYMENT_HOPS_AV_SUCC=4.715050883770753
ROUTE_PAYMENT_SUCCESS_DIRECT=0.9335
ROUTE_PAYMENT_SUCCESS=0.9335
