ROUTE_PAYMENT_MES_AV=455.74699999999996
ROUTE_PAYMENT_MES_AV_SUCC=324.30530509540785
ROUTE_PAYMENT_HOPS_AV=21.779600000000006
ROUTE_PAYMENT_HOPS_AV_SUCC=18.39672887397777
ROUTE_PAYMENT_SUCCESS_DIRECT=0.9538
ROUTE_PAYMENT_SUCCESS=0.9538
ROUTE_PAYMENT_FEE_AV=3.537536878430886
ROUTE_PAYMENT_FEE_MED=5.7081335590031355
ROUTE_PAYMENT_FEE_Q1=1.9761232667668116
ROUTE_PAYMENT_FEE_Q3=3.9566701770697175
