ROUTE_PAYMENT_MES_AV=7.0872
ROUTE_PAYMENT_MES_AV_SUCC=5.865908827282217
ROUTE_PAYMENT_HOPS_AV=4.430400000000001
ROUTE_PAYMENT_HOPS_AV_SUCC=4.2039206588562825
ROUTE_PAYMENT_SUCCESS_DIRECT=0.8621
ROUTE_PAYMENT_SUCCESS=0.8621
