ROUTE_PAYMENT_MES_AV=5.8711999999999955
ROUTE_PAYMENT_MES_AV_SUCC=4.772972972972975
ROUTE_PAYMENT_HOPS_AV=5.592900000000005
ROUTE_PAYMENT_HOPS_AV_SUCC=4.694486486486487
ROUTE_PAYMENT_SUCCESS_DIRECT=0.925
ROUTE_PAYMENT_SUCCESS=0.925
