ROUTE_PAYMENT_MES_AV=5.954400000000001
ROUTE_PAYMENT_MES_AV_SUCC=5.295987237697877
ROUTE_PAYMENT_HOPS_AV=9.425799999999999
ROUTE_PAYMENT_HOPS_AV_SUCC=10.081359676033872
ROUTE_PAYMENT_SUCCESS_DIRECT=0.8149
ROUTE_PAYMENT_SUCCESS=0.8149
