ROUTE_PAYMENT_MES_AV=5.6545
ROUTE_PAYMENT_MES_AV_SUCC=4.690817095489287
ROUTE_PAYMENT_HOPS_AV=37.54250000000006
ROUTE_PAYMENT_HOPS_AV_SUCC=31.008397028743666
ROUTE_PAYMENT_SUCCESS_DIRECT=0.9289
ROUTE_PAYMENT_SUCCESS=0.9289
