ROUTE_PAYMENT_MES_AV=3.9704
ROUTE_PAYMENT_MES_AV_SUCC=3.9121163166397412
ROUTE_PAYMENT_HOPS_AV=16.36520000000001
ROUTE_PAYMENT_HOPS_AV_SUCC=21.301292407108242
ROUTE_PAYMENT_SUCCESS_DIRECT=0.619
ROUTE_PAYMENT_SUCCESS=0.619
