ROUTE_PAYMENT_MES_AV=5.439799999999998
ROUTE_PAYMENT_MES_AV_SUCC=4.563386380859588
ROUTE_PAYMENT_HOPS_AV=5.216099999999999
ROUTE_PAYMENT_HOPS_AV_SUCC=4.476561654216736
ROUTE_PAYMENT_SUCCESS_DIRECT=0.9237
ROUTE_PAYMENT_SUCCESS=0.9237
