ROUTE_PAYMENT_MES_AV=7.070339999999997	7.1728	6.574899999999998	7.380799999999999	0.04740940840000028	0.07838190784999974	0.026761075433333986	6.974912545012074	7.16576745498792
ROUTE_PAYMENT_MES_AV_SUCC=6.273859881878679	6.346842394288853	5.846384846384846	6.4624390243902425	0.028564048265369298	0.05757218165638745	0.01294428413174415	6.199788413749499	6.347931350007859
ROUTE_PAYMENT_HOPS_AV=7.028419999999999	6.955999999999999	6.183799999999999	8.653100000000004	0.5181236946000004	0.32668565106666553	0.8052807599000027	6.712950192793718	7.3438898072062795
ROUTE_PAYMENT_HOPS_AV_SUCC=6.946740786101546	6.865983874482457	5.944468359879466	8.890185552573232	0.8021971821273037	0.4894304640271241	1.2713472592775727	6.554202845587495	7.339278726615596
ROUTE_PAYMENT_SUCCESS_DIRECT=0.9069099999999999	0.9153	0.8569	0.9345	5.273288999999997E-4	9.629983857142784E-4	2.927376384615418E-4	0.8968457397136201	0.9169742602863796
ROUTE_PAYMENT_SUCCESS=0.9069099999999999	0.9153	0.8569	0.9345	5.273288999999997E-4	9.629983857142784E-4	2.927376384615418E-4	0.8968457397136201	0.9169742602863796
