ROUTE_PAYMENT_MES_AV=6.400000000000001
ROUTE_PAYMENT_MES_AV_SUCC=5.0873598763046015
ROUTE_PAYMENT_HOPS_AV=4.161699999999998
ROUTE_PAYMENT_HOPS_AV_SUCC=4.028991109393119
ROUTE_PAYMENT_SUCCESS_DIRECT=0.7761
ROUTE_PAYMENT_SUCCESS=0.7761
