ROUTE_PAYMENT_MES_AV=6.9058
ROUTE_PAYMENT_MES_AV_SUCC=5.586303030303028
ROUTE_PAYMENT_HOPS_AV=4.421600000000001
ROUTE_PAYMENT_HOPS_AV_SUCC=4.208969696969697
ROUTE_PAYMENT_SUCCESS_DIRECT=0.825
ROUTE_PAYMENT_SUCCESS=0.825
