ROUTE_PAYMENT_MES_AV=5.8134
ROUTE_PAYMENT_MES_AV_SUCC=4.678757602085147
ROUTE_PAYMENT_HOPS_AV=5.542500000000003
ROUTE_PAYMENT_HOPS_AV_SUCC=4.604257167680279
ROUTE_PAYMENT_SUCCESS_DIRECT=0.9208
ROUTE_PAYMENT_SUCCESS=0.9208
