ROUTE_PAYMENT_MES_AV=6.086700000000001
ROUTE_PAYMENT_MES_AV_SUCC=4.829120104155364
ROUTE_PAYMENT_HOPS_AV=5.720800000000002
ROUTE_PAYMENT_HOPS_AV_SUCC=4.712053813605296
ROUTE_PAYMENT_SUCCESS_DIRECT=0.9217
ROUTE_PAYMENT_SUCCESS=0.9217
