ROUTE_PAYMENT_MES_AV=6.589800000000001
ROUTE_PAYMENT_MES_AV_SUCC=5.25407124681934
ROUTE_PAYMENT_HOPS_AV=4.213800000000001
ROUTE_PAYMENT_HOPS_AV_SUCC=4.054707379134861
ROUTE_PAYMENT_SUCCESS_DIRECT=0.786
ROUTE_PAYMENT_SUCCESS=0.786
