ROUTE_PAYMENT_MES_AV=5.5851000000000015
ROUTE_PAYMENT_MES_AV_SUCC=4.724167841266401
ROUTE_PAYMENT_HOPS_AV=10.668899999999999
ROUTE_PAYMENT_HOPS_AV_SUCC=9.30543207199393
ROUTE_PAYMENT_SUCCESS_DIRECT=0.9223
ROUTE_PAYMENT_SUCCESS=0.9223
