ROUTE_PAYMENT_MES_AV=7.4239999999999995
ROUTE_PAYMENT_MES_AV_SUCC=5.9849863512283905
ROUTE_PAYMENT_HOPS_AV=4.573899999999997
ROUTE_PAYMENT_HOPS_AV_SUCC=4.215764331210188
ROUTE_PAYMENT_SUCCESS_DIRECT=0.8792
ROUTE_PAYMENT_SUCCESS=0.8792
