ROUTE_PAYMENT_MES_AV=5.423799999999998
ROUTE_PAYMENT_MES_AV_SUCC=4.637012214895687
ROUTE_PAYMENT_HOPS_AV=13.349100000000004
ROUTE_PAYMENT_HOPS_AV_SUCC=11.528915792887254
ROUTE_PAYMENT_SUCCESS_DIRECT=0.9251
ROUTE_PAYMENT_SUCCESS=0.9251
