ROUTE_PAYMENT_MES_AV=5.002999999999998
ROUTE_PAYMENT_MES_AV_SUCC=4.540920716112532
ROUTE_PAYMENT_HOPS_AV=12.324000000000002
ROUTE_PAYMENT_HOPS_AV_SUCC=14.583546462063088
ROUTE_PAYMENT_SUCCESS_DIRECT=0.7038
ROUTE_PAYMENT_SUCCESS=0.7038
