ROUTE_PAYMENT_MES_AV=5.921700000000001
ROUTE_PAYMENT_MES_AV_SUCC=4.844044558697515
ROUTE_PAYMENT_HOPS_AV=5.589999999999998
ROUTE_PAYMENT_HOPS_AV_SUCC=4.701156812339331
ROUTE_PAYMENT_SUCCESS_DIRECT=0.9336
ROUTE_PAYMENT_SUCCESS=0.9336
