ROUTE_PAYMENT_MES_AV=7.393100000000002
ROUTE_PAYMENT_MES_AV_SUCC=6.390503660971824
ROUTE_PAYMENT_HOPS_AV=4.5758
ROUTE_PAYMENT_HOPS_AV_SUCC=4.3517861104947855
ROUTE_PAYMENT_SUCCESS_DIRECT=0.9014
ROUTE_PAYMENT_SUCCESS=0.9014
