ROUTE_PAYMENT_MES_AV=5.222300000000001
ROUTE_PAYMENT_MES_AV_SUCC=4.505293339214821
ROUTE_PAYMENT_HOPS_AV=25.897499999999994
ROUTE_PAYMENT_HOPS_AV_SUCC=21.962946625496247
ROUTE_PAYMENT_SUCCESS_DIRECT=0.9068
ROUTE_PAYMENT_SUCCESS=0.9068
