ROUTE_PAYMENT_MES_AV=5.671700000000002
ROUTE_PAYMENT_MES_AV_SUCC=4.790044463724109
ROUTE_PAYMENT_HOPS_AV=5.421399999999998
ROUTE_PAYMENT_HOPS_AV_SUCC=4.69482702526841
ROUTE_PAYMENT_SUCCESS_DIRECT=0.9221
ROUTE_PAYMENT_SUCCESS=0.9221
