ROUTE_PAYMENT_MES_AV=5.7318
ROUTE_PAYMENT_MES_AV_SUCC=4.723532579429188
ROUTE_PAYMENT_HOPS_AV=24.55649999999999
ROUTE_PAYMENT_HOPS_AV_SUCC=19.92536348949918
ROUTE_PAYMENT_SUCCESS_DIRECT=0.9285
ROUTE_PAYMENT_SUCCESS=0.9285
