ROUTE_PAYMENT_MES_AV=5.790699999999997
ROUTE_PAYMENT_MES_AV_SUCC=4.7874541927139465
ROUTE_PAYMENT_HOPS_AV=5.510799999999999
ROUTE_PAYMENT_HOPS_AV_SUCC=4.671588704462169
ROUTE_PAYMENT_SUCCESS_DIRECT=0.9278
ROUTE_PAYMENT_SUCCESS=0.9278
