ROUTE_PAYMENT_MES_AV=5.6977
ROUTE_PAYMENT_MES_AV_SUCC=4.695069204152251
ROUTE_PAYMENT_HOPS_AV=5.425200000000001
ROUTE_PAYMENT_HOPS_AV_SUCC=4.602400519031142
ROUTE_PAYMENT_SUCCESS_DIRECT=0.9248
ROUTE_PAYMENT_SUCCESS=0.9248
