ROUTE_PAYMENT_MES_AV=5.7804	5.783099999999998	5.592700000000002	6.009399999999999	0.016514862999999914	0.015564002000000026	0.017465723999999797	5.72407793607262	5.836722063927381
ROUTE_PAYMENT_MES_AV_SUCC=4.71790494379432	4.710546323449551	4.5672363753627865	4.860123229921091	0.0059692929306865775	0.005293834178459017	0.0067948536278535955	4.684043730199319	4.751766157389321
ROUTE_PAYMENT_HOPS_AV=16.908115000000002	16.8109	13.7679	19.878700000000006	3.0361348242750132	2.597713038497736	3.571983673558352	16.144452262237614	17.67177773776239
ROUTE_PAYMENT_HOPS_AV_SUCC=13.705053714298975	13.599610852880776	11.111915307334987	16.533765532144784	2.2038746096273223	1.7411299039744712	2.7694514720919186	13.054423070218007	14.355684358379943
ROUTE_PAYMENT_SUCCESS_DIRECT=0.9277	0.927	0.9207	0.9373	1.501600000000008E-5	9.264166666666604E-6	2.36437500000003E-5	0.9260016851646411	0.9293983148353588
ROUTE_PAYMENT_SUCCESS=0.9277	0.927	0.9207	0.9373	1.501600000000008E-5	9.264166666666604E-6	2.36437500000003E-5	0.9260016851646411	0.9293983148353588
