ROUTE_PAYMENT_MES_AV=5.824199999999996
ROUTE_PAYMENT_MES_AV_SUCC=4.797790994052677
ROUTE_PAYMENT_HOPS_AV=5.540199999999997
ROUTE_PAYMENT_HOPS_AV_SUCC=4.660152931180967
ROUTE_PAYMENT_SUCCESS_DIRECT=0.9416
ROUTE_PAYMENT_SUCCESS=0.9416
