ROUTE_PAYMENT_MES_AV=5.682200000000004
ROUTE_PAYMENT_MES_AV_SUCC=4.7323324396782835
ROUTE_PAYMENT_HOPS_AV=5.423400000000003
ROUTE_PAYMENT_HOPS_AV_SUCC=4.634530831099195
ROUTE_PAYMENT_SUCCESS_DIRECT=0.9325
ROUTE_PAYMENT_SUCCESS=0.9325
