ROUTE_PAYMENT_MES_AV=6.944500000000001
ROUTE_PAYMENT_MES_AV_SUCC=6.1129501230149845
ROUTE_PAYMENT_HOPS_AV=4.411100000000003
ROUTE_PAYMENT_HOPS_AV_SUCC=4.254976515320958
ROUTE_PAYMENT_SUCCESS_DIRECT=0.8942
ROUTE_PAYMENT_SUCCESS=0.8942
