ROUTE_PAYMENT_MES_AV=10.560000000000002
ROUTE_PAYMENT_MES_AV_SUCC=9.82
ROUTE_PAYMENT_HOPS_AV=2.8
ROUTE_PAYMENT_HOPS_AV_SUCC=3.5999999999999996
ROUTE_PAYMENT_SUCCESS_DIRECT=0.5
ROUTE_PAYMENT_SUCCESS=0.5
ROUTE_PAYMENT_FEE_AV=1.000684607100776
ROUTE_PAYMENT_FEE_MED=1.0005603733357782
ROUTE_PAYMENT_FEE_Q1=1.000262659767536
ROUTE_PAYMENT_FEE_Q3=1.0008463503447464
