ROUTE_PAYMENT_MES_AV=18.310000000000002
ROUTE_PAYMENT_MES_AV_SUCC=13.438596491228068
ROUTE_PAYMENT_HOPS_AV=2.8600000000000003
ROUTE_PAYMENT_HOPS_AV_SUCC=3.5438596491228065
ROUTE_PAYMENT_SUCCESS_DIRECT=0.57
ROUTE_PAYMENT_SUCCESS=0.57
ROUTE_PAYMENT_FEE_AV=1.0000832990472812
ROUTE_PAYMENT_FEE_MED=2.00010015142455
ROUTE_PAYMENT_FEE_Q1=1.0000274415761592
ROUTE_PAYMENT_FEE_Q3=1.0001078298686423
