ROUTE_PAYMENT_MES_AV=5.756700000000006
ROUTE_PAYMENT_MES_AV_SUCC=4.733412322274884
ROUTE_PAYMENT_HOPS_AV=5.493900000000001
ROUTE_PAYMENT_HOPS_AV_SUCC=4.630224041361482
ROUTE_PAYMENT_SUCCESS_DIRECT=0.9284
ROUTE_PAYMENT_SUCCESS=0.9284
