ROUTE_PAYMENT_MES_AV=6.297799999999996
ROUTE_PAYMENT_MES_AV_SUCC=5.016360466675605
ROUTE_PAYMENT_HOPS_AV=24.303400000000007
ROUTE_PAYMENT_HOPS_AV_SUCC=22.898350543113846
ROUTE_PAYMENT_SUCCESS_DIRECT=0.7457
ROUTE_PAYMENT_SUCCESS=0.7457
