ROUTE_PAYMENT_MES_AV=5.201500000000002
ROUTE_PAYMENT_MES_AV_SUCC=4.530603209739903
ROUTE_PAYMENT_HOPS_AV=5.123499999999997
ROUTE_PAYMENT_HOPS_AV_SUCC=4.524405091311568
ROUTE_PAYMENT_SUCCESS_DIRECT=0.9035
ROUTE_PAYMENT_SUCCESS=0.9035
