ROUTE_PAYMENT_MES_AV=5.3696
ROUTE_PAYMENT_MES_AV_SUCC=4.588164515423322
ROUTE_PAYMENT_HOPS_AV=14.251500000000007
ROUTE_PAYMENT_HOPS_AV_SUCC=12.437650404725439
ROUTE_PAYMENT_SUCCESS_DIRECT=0.9142
ROUTE_PAYMENT_SUCCESS=0.9142
