ROUTE_PAYMENT_MES_AV=5.118200000000001
ROUTE_PAYMENT_MES_AV_SUCC=4.535365719925431
ROUTE_PAYMENT_HOPS_AV=5.0693
ROUTE_PAYMENT_HOPS_AV_SUCC=4.5350367364842645
ROUTE_PAYMENT_SUCCESS_DIRECT=0.9119
ROUTE_PAYMENT_SUCCESS=0.9119
