ROUTE_PAYMENT_MES_AV=5.999599999999998
ROUTE_PAYMENT_MES_AV_SUCC=4.78886714503153
ROUTE_PAYMENT_HOPS_AV=5.6918
ROUTE_PAYMENT_HOPS_AV_SUCC=4.667862578821483
ROUTE_PAYMENT_SUCCESS_DIRECT=0.9198
ROUTE_PAYMENT_SUCCESS=0.9198
