ROUTE_PAYMENT_MES_AV=6.148999999999998
ROUTE_PAYMENT_MES_AV_SUCC=4.976308392450811
ROUTE_PAYMENT_HOPS_AV=24.14350000000002
ROUTE_PAYMENT_HOPS_AV_SUCC=23.31562039887566
ROUTE_PAYMENT_SUCCESS_DIRECT=0.7471
ROUTE_PAYMENT_SUCCESS=0.7471
