ROUTE_PAYMENT_MES_AV=4.0008
ROUTE_PAYMENT_MES_AV_SUCC=3.953389135073035
ROUTE_PAYMENT_HOPS_AV=15.958400000000003
ROUTE_PAYMENT_HOPS_AV_SUCC=20.966354833415384
ROUTE_PAYMENT_SUCCESS_DIRECT=0.6093
ROUTE_PAYMENT_SUCCESS=0.6093
