ROUTE_PAYMENT_MES_AV=6.357099999999999
ROUTE_PAYMENT_MES_AV_SUCC=5.518928013459924
ROUTE_PAYMENT_HOPS_AV=4.227800000000001
ROUTE_PAYMENT_HOPS_AV_SUCC=4.159956735969235
ROUTE_PAYMENT_SUCCESS_DIRECT=0.8321
ROUTE_PAYMENT_SUCCESS=0.8321
