ROUTE_PAYMENT_MES_AV=4.6922
ROUTE_PAYMENT_MES_AV_SUCC=4.175232942590921
ROUTE_PAYMENT_HOPS_AV=3.5467999999999997
ROUTE_PAYMENT_HOPS_AV_SUCC=3.7905019537120532
ROUTE_PAYMENT_SUCCESS_DIRECT=0.6654
ROUTE_PAYMENT_SUCCESS=0.6654
