ROUTE_PAYMENT_MES_AV=5.524599999999998
ROUTE_PAYMENT_MES_AV_SUCC=4.69196573782934
ROUTE_PAYMENT_HOPS_AV=5.3334
ROUTE_PAYMENT_HOPS_AV_SUCC=4.6197549604250225
ROUTE_PAYMENT_SUCCESS_DIRECT=0.9223
ROUTE_PAYMENT_SUCCESS=0.9223
