ROUTE_PAYMENT_MES_AV=7.140100000000001
ROUTE_PAYMENT_MES_AV_SUCC=5.855885459453114
ROUTE_PAYMENT_HOPS_AV=4.4323999999999995
ROUTE_PAYMENT_HOPS_AV_SUCC=4.194226029808708
ROUTE_PAYMENT_SUCCESS_DIRECT=0.8521
ROUTE_PAYMENT_SUCCESS=0.8521
