ROUTE_PAYMENT_MES_AV=5.782775000000001	5.7318	5.603200000000006	6.042299999999999	0.015846275874999767	0.00955672947115366	0.027526862053571115	5.727604784574738	5.837945215425264
ROUTE_PAYMENT_MES_AV_SUCC=4.734887922449714	4.748028909329827	4.628670120898099	4.81315732989912	0.0022672930835638035	0.0025783273686504657	0.00195625879847714	4.714019246030474	4.755756598868953
ROUTE_PAYMENT_HOPS_AV=24.181244999999997	23.826800000000002	21.427299999999995	27.540799999999994	2.7675852794749902	2.2332066492068097	3.420714716469433	23.452137476735043	24.91035252326495
ROUTE_PAYMENT_HOPS_AV_SUCC=19.518403921294134	19.723356252685857	17.12886322318468	22.36517702936097	2.2429745801418894	2.1202195219985116	2.3657296382852673	18.862027080330307	20.17478076225796
ROUTE_PAYMENT_SUCCESS_DIRECT=0.92705	0.9285	0.9132	0.9351	3.082249999999998E-5	3.596450000000026E-5	2.5680499999999677E-5	0.9246168157077608	0.9294831842922393
ROUTE_PAYMENT_SUCCESS=0.92705	0.9285	0.9132	0.9351	3.082249999999998E-5	3.596450000000026E-5	2.5680499999999677E-5	0.9246168157077608	0.9294831842922393
