ROUTE_PAYMENT_MES_AV=5.928055000000001	5.902800000000001	5.580400000000001	6.5008000000000035	0.03463409547500026	0.02193780944166694	0.053678524525000215	5.846492036230665	6.009617963769338
ROUTE_PAYMENT_MES_AV_SUCC=4.795305886227151	4.797790994052677	4.6769774162474596	4.926393495239115	0.003829565239298321	0.004330938507990493	0.0034193507467319977	4.768184254801951	4.8224275176523514
ROUTE_PAYMENT_HOPS_AV=5.58994	5.5868	5.3445	5.994999999999998	0.01924197840000002	0.013803258872727313	0.025889302266666653	5.529145269874174	5.650734730125826
ROUTE_PAYMENT_HOPS_AV_SUCC=4.659907191196941	4.660152931180967	4.552577763426969	4.790841981384404	0.0033959666566929876	0.0034052980330796373	0.0033866352803063374	4.634367080088773	4.68544730230511
ROUTE_PAYMENT_SUCCESS_DIRECT=0.9336650000000001	0.9336	0.9291	0.9416	1.015627499999999E-5	7.35213409090938E-6	1.3583558333332964E-5	0.9322682833852209	0.9350617166147792
ROUTE_PAYMENT_SUCCESS=0.9336650000000001	0.9336	0.9291	0.9416	1.015627499999999E-5	7.35213409090938E-6	1.3583558333332964E-5	0.9322682833852209	0.9350617166147792
