ROUTE_PAYMENT_MES_AV=5.288200000000002
ROUTE_PAYMENT_MES_AV_SUCC=4.559726962457338
ROUTE_PAYMENT_HOPS_AV=5.171100000000001
ROUTE_PAYMENT_HOPS_AV_SUCC=4.5335241660244385
ROUTE_PAYMENT_SUCCESS_DIRECT=0.9083
ROUTE_PAYMENT_SUCCESS=0.9083
