ROUTE_PAYMENT_MES_AV=11.49
ROUTE_PAYMENT_MES_AV_SUCC=10.442307692307693
ROUTE_PAYMENT_HOPS_AV=2.72
ROUTE_PAYMENT_HOPS_AV_SUCC=3.4423076923076925
ROUTE_PAYMENT_SUCCESS_DIRECT=0.52
ROUTE_PAYMENT_SUCCESS=0.52
ROUTE_PAYMENT_FEE_AV=0.8875218533841596
ROUTE_PAYMENT_FEE_MED=1.7750437067683191
ROUTE_PAYMENT_FEE_Q1=0.6207963921987311
ROUTE_PAYMENT_FEE_Q3=1.154247314569588
