ROUTE_PAYMENT_MES_AV=11.72
ROUTE_PAYMENT_MES_AV_SUCC=11.694915254237289
ROUTE_PAYMENT_HOPS_AV=2.96
ROUTE_PAYMENT_HOPS_AV_SUCC=3.5762711864406778
ROUTE_PAYMENT_SUCCESS_DIRECT=0.59
ROUTE_PAYMENT_SUCCESS=0.59
ROUTE_PAYMENT_FEE_AV=0.9865088590240445
ROUTE_PAYMENT_FEE_MED=0.9711274965049004
ROUTE_PAYMENT_FEE_Q1=0.9657279096308503
ROUTE_PAYMENT_FEE_Q3=0.9711274965049004
