ROUTE_PAYMENT_MES_AV=7.477799999999999
ROUTE_PAYMENT_MES_AV_SUCC=6.025892551614004
ROUTE_PAYMENT_HOPS_AV=4.552900000000002
ROUTE_PAYMENT_HOPS_AV_SUCC=4.229725105509296
ROUTE_PAYMENT_SUCCESS_DIRECT=0.8767
ROUTE_PAYMENT_SUCCESS=0.8767
