ROUTE_PAYMENT_MES_AV=4.305
ROUTE_PAYMENT_MES_AV_SUCC=3.906829186842544
ROUTE_PAYMENT_HOPS_AV=3.356200000000001
ROUTE_PAYMENT_HOPS_AV_SUCC=3.7238270161963594
ROUTE_PAYMENT_SUCCESS_DIRECT=0.5989
ROUTE_PAYMENT_SUCCESS=0.5989
