ROUTE_PAYMENT_MES_AV=5.952700000000001
ROUTE_PAYMENT_MES_AV_SUCC=4.7599568267674055
ROUTE_PAYMENT_HOPS_AV=20.03530000000001
ROUTE_PAYMENT_HOPS_AV_SUCC=15.720992984349705
ROUTE_PAYMENT_SUCCESS_DIRECT=0.9265
ROUTE_PAYMENT_SUCCESS=0.9265
