ROUTE_PAYMENT_MES_AV=6.168400000000001
ROUTE_PAYMENT_MES_AV_SUCC=5.4972624406862165
ROUTE_PAYMENT_HOPS_AV=9.049399999999995
ROUTE_PAYMENT_HOPS_AV_SUCC=9.585107677333012
ROUTE_PAYMENT_SUCCESS_DIRECT=0.8219
ROUTE_PAYMENT_SUCCESS=0.8219
