ROUTE_PAYMENT_MES_AV=5.834800000000001
ROUTE_PAYMENT_MES_AV_SUCC=4.548034624662977
ROUTE_PAYMENT_HOPS_AV=29.552099999999996
ROUTE_PAYMENT_HOPS_AV_SUCC=28.894423158790985
ROUTE_PAYMENT_SUCCESS_DIRECT=0.7047
ROUTE_PAYMENT_SUCCESS=0.7047
