ROUTE_PAYMENT_MES_AV=6.108799999999999
ROUTE_PAYMENT_MES_AV_SUCC=5.36541758510899
ROUTE_PAYMENT_HOPS_AV=4.1067
ROUTE_PAYMENT_HOPS_AV_SUCC=4.08890521675239
ROUTE_PAYMENT_SUCCESS_DIRECT=0.8166
ROUTE_PAYMENT_SUCCESS=0.8166
