ROUTE_PAYMENT_MES_AV=5.020800000000001
ROUTE_PAYMENT_MES_AV_SUCC=4.441722972972971
ROUTE_PAYMENT_HOPS_AV=3.7002999999999986
ROUTE_PAYMENT_HOPS_AV_SUCC=3.8661317567567566
ROUTE_PAYMENT_SUCCESS_DIRECT=0.7104
ROUTE_PAYMENT_SUCCESS=0.7104
