ROUTE_PAYMENT_MES_AV=5.274599999999999
ROUTE_PAYMENT_MES_AV_SUCC=4.5729806848112355
ROUTE_PAYMENT_HOPS_AV=22.33619999999999
ROUTE_PAYMENT_HOPS_AV_SUCC=19.020632133450412
ROUTE_PAYMENT_SUCCESS_DIRECT=0.9112
ROUTE_PAYMENT_SUCCESS=0.9112
