ROUTE_PAYMENT_MES_AV=5.373300000000003
ROUTE_PAYMENT_MES_AV_SUCC=4.664233576642334
ROUTE_PAYMENT_HOPS_AV=10.880500000000003
ROUTE_PAYMENT_HOPS_AV_SUCC=9.26470588235294
ROUTE_PAYMENT_SUCCESS_DIRECT=0.9316
ROUTE_PAYMENT_SUCCESS=0.9316
