ROUTE_PAYMENT_MES_AV=4.925800000000001
ROUTE_PAYMENT_MES_AV_SUCC=4.521464646464647
ROUTE_PAYMENT_HOPS_AV=11.7086
ROUTE_PAYMENT_HOPS_AV_SUCC=13.656986531986536
ROUTE_PAYMENT_SUCCESS_DIRECT=0.7128
ROUTE_PAYMENT_SUCCESS=0.7128
