ROUTE_PAYMENT_MES_AV=5.809799999999997
ROUTE_PAYMENT_MES_AV_SUCC=4.818958155422718
ROUTE_PAYMENT_HOPS_AV=5.502600000000003
ROUTE_PAYMENT_HOPS_AV_SUCC=4.68616567036721
ROUTE_PAYMENT_SUCCESS_DIRECT=0.9368
ROUTE_PAYMENT_SUCCESS=0.9368
