ROUTE_PAYMENT_MES_AV=5.821299999999999
ROUTE_PAYMENT_MES_AV_SUCC=4.812892914224831
ROUTE_PAYMENT_HOPS_AV=8.8581
ROUTE_PAYMENT_HOPS_AV_SUCC=7.324560468833243
ROUTE_PAYMENT_SUCCESS_DIRECT=0.9385
ROUTE_PAYMENT_SUCCESS=0.9385
