ROUTE_PAYMENT_MES_AV=7.093799999999997
ROUTE_PAYMENT_MES_AV_SUCC=5.835214446952597
ROUTE_PAYMENT_HOPS_AV=13.890500000000001
ROUTE_PAYMENT_HOPS_AV_SUCC=12.822026850421766
ROUTE_PAYMENT_SUCCESS_DIRECT=0.8417
ROUTE_PAYMENT_SUCCESS=0.8417
