ROUTE_PAYMENT_MES_AV=6.817099999999997
ROUTE_PAYMENT_MES_AV_SUCC=6.103032391454169
ROUTE_PAYMENT_HOPS_AV=7.8854999999999995
ROUTE_PAYMENT_HOPS_AV_SUCC=8.0991270388238
ROUTE_PAYMENT_SUCCESS_DIRECT=0.8706
ROUTE_PAYMENT_SUCCESS=0.8706
