ROUTE_PAYMENT_MES_AV=5.17573	5.199699999999998	4.9416	5.385300000000001	0.007674997100000051	0.009688694233333392	0.006027426718181866	5.137334512726519	5.21412548727348
ROUTE_PAYMENT_MES_AV_SUCC=4.513071142000711	4.517574692442881	4.429105297867665	4.618195701974473	0.0037596531952496922	0.003378337858226394	0.00414096853227299	4.486198215369181	4.5399440686322405
ROUTE_PAYMENT_HOPS_AV=5.092945	5.111199999999999	4.863000000000003	5.293100000000001	0.0072438184749999595	0.009008021691666502	0.005800379479545515	5.055643623984121	5.130246376015879
ROUTE_PAYMENT_HOPS_AV_SUCC=4.502932312206303	4.506260984182776	4.418443613981096	4.606632486091413	0.0036666535067225023	0.003250918607509051	0.0040823884059359525	4.47639383437559	4.529470790037016
ROUTE_PAYMENT_SUCCESS_DIRECT=0.9099549999999998	0.9104	0.9012	0.9167	2.0286475000000056E-5	2.438322499999896E-5	1.6189725000001152E-5	0.907981012634792	0.9119289873652077
ROUTE_PAYMENT_SUCCESS=0.9099549999999998	0.9104	0.9012	0.9167	2.0286475000000056E-5	2.438322499999896E-5	1.6189725000001152E-5	0.907981012634792	0.9119289873652077
