ROUTE_PAYMENT_MES_AV=6.268900000000001
ROUTE_PAYMENT_MES_AV_SUCC=4.859646739130432
ROUTE_PAYMENT_HOPS_AV=24.387900000000002
ROUTE_PAYMENT_HOPS_AV_SUCC=23.095652173913034
ROUTE_PAYMENT_SUCCESS_DIRECT=0.736
ROUTE_PAYMENT_SUCCESS=0.736
