ROUTE_PAYMENT_MES_AV=5.975300000000001
ROUTE_PAYMENT_MES_AV_SUCC=4.829491598448944
ROUTE_PAYMENT_HOPS_AV=5.6681000000000035
ROUTE_PAYMENT_HOPS_AV_SUCC=4.7005601034037054
ROUTE_PAYMENT_SUCCESS_DIRECT=0.9284
ROUTE_PAYMENT_SUCCESS=0.9284
