ROUTE_PAYMENT_MES_AV=5.712200000000001
ROUTE_PAYMENT_MES_AV_SUCC=4.660681647134717
ROUTE_PAYMENT_HOPS_AV=8.044299999999998
ROUTE_PAYMENT_HOPS_AV_SUCC=6.450274164068379
ROUTE_PAYMENT_SUCCESS_DIRECT=0.9301
ROUTE_PAYMENT_SUCCESS=0.9301
