ROUTE_PAYMENT_MES_AV=5.509199999999999
ROUTE_PAYMENT_MES_AV_SUCC=4.727115716753022
ROUTE_PAYMENT_HOPS_AV=10.2901
ROUTE_PAYMENT_HOPS_AV_SUCC=8.999999999999998
ROUTE_PAYMENT_SUCCESS_DIRECT=0.9264
ROUTE_PAYMENT_SUCCESS=0.9264
