ROUTE_PAYMENT_MES_AV=5.773270000000001	5.756600000000003	5.628999999999998	6.029000000000002	0.013342178100000088	0.009119384233333496	0.019676368899999977	5.722646235131631	5.823893764868371
ROUTE_PAYMENT_MES_AV_SUCC=4.713482579860331	4.728756392122729	4.582907469827119	4.846028822190919	0.003042807303115604	0.00344448109248477	0.002714165111813558	4.689306922128173	4.737658237592489
ROUTE_PAYMENT_HOPS_AV=5.49342	5.490800000000001	5.349	5.676700000000002	0.00941094460000007	0.007654520763636471	0.011557684844444466	5.450903482753547	5.535936517246454
ROUTE_PAYMENT_HOPS_AV_SUCC=4.620347720525934	4.633565683646113	4.483201043818639	4.770939430057431	0.003190655224828271	0.0033977750831370086	0.003021193522575668	4.595591689834706	4.645103751217162
ROUTE_PAYMENT_SUCCESS_DIRECT=0.9262849999999998	0.9275	0.9191	0.9332	1.8233274999999995E-5	2.590272499999818E-5	1.312030833333454E-5	0.9244135707435223	0.9281564292564773
ROUTE_PAYMENT_SUCCESS=0.9262849999999998	0.9275	0.9191	0.9332	1.8233274999999995E-5	2.590272499999818E-5	1.312030833333454E-5	0.9244135707435223	0.9281564292564773
