ROUTE_PAYMENT_MES_AV=4.835399999999999
ROUTE_PAYMENT_MES_AV_SUCC=4.263355906696764
ROUTE_PAYMENT_HOPS_AV=3.5765000000000002
ROUTE_PAYMENT_HOPS_AV_SUCC=3.8069224981188863
ROUTE_PAYMENT_SUCCESS_DIRECT=0.6645
ROUTE_PAYMENT_SUCCESS=0.6645
