ROUTE_PAYMENT_MES_AV=5.732500000000002
ROUTE_PAYMENT_MES_AV_SUCC=4.713382620807886
ROUTE_PAYMENT_HOPS_AV=5.463999999999996
ROUTE_PAYMENT_HOPS_AV_SUCC=4.599807135969142
ROUTE_PAYMENT_SUCCESS_DIRECT=0.9333
ROUTE_PAYMENT_SUCCESS=0.9333
