ROUTE_PAYMENT_MES_AV=5.4990999999999985
ROUTE_PAYMENT_MES_AV_SUCC=4.7791576673866105
ROUTE_PAYMENT_HOPS_AV=11.771799999999999
ROUTE_PAYMENT_HOPS_AV_SUCC=10.234125269978403
ROUTE_PAYMENT_SUCCESS_DIRECT=0.926
ROUTE_PAYMENT_SUCCESS=0.926
