ROUTE_PAYMENT_MES_AV=19.970299999999995
ROUTE_PAYMENT_MES_AV_SUCC=21.482247920470684
ROUTE_PAYMENT_HOPS_AV=5.0636
ROUTE_PAYMENT_HOPS_AV_SUCC=5.501115844998985
ROUTE_PAYMENT_SUCCESS_DIRECT=0.4929
ROUTE_PAYMENT_SUCCESS=0.4929
ROUTE_PAYMENT_FEE_AV=166.4102295299146
ROUTE_PAYMENT_FEE_MED=109.47571945957849
ROUTE_PAYMENT_FEE_Q1=42.60181487804729
ROUTE_PAYMENT_FEE_Q3=224.3733298861894
