ROUTE_PAYMENT_MES_AV=4.489900000000002
ROUTE_PAYMENT_MES_AV_SUCC=4.2174046269342735
ROUTE_PAYMENT_HOPS_AV=13.693200000000001
ROUTE_PAYMENT_HOPS_AV_SUCC=17.128083346100812
ROUTE_PAYMENT_SUCCESS_DIRECT=0.6527
ROUTE_PAYMENT_SUCCESS=0.6527
