ROUTE_PAYMENT_MES_AV=5.3948
ROUTE_PAYMENT_MES_AV_SUCC=4.57176852352623
ROUTE_PAYMENT_HOPS_AV=8.388899999999998
ROUTE_PAYMENT_HOPS_AV_SUCC=7.077879935100056
ROUTE_PAYMENT_SUCCESS_DIRECT=0.9245
ROUTE_PAYMENT_SUCCESS=0.9245
