ROUTE_PAYMENT_MES_AV=5.244400000000001
ROUTE_PAYMENT_MES_AV_SUCC=4.521427796463058
ROUTE_PAYMENT_HOPS_AV=17.809900000000013
ROUTE_PAYMENT_HOPS_AV_SUCC=14.998806553108388
ROUTE_PAYMENT_SUCCESS_DIRECT=0.9217
ROUTE_PAYMENT_SUCCESS=0.9217
