ROUTE_PAYMENT_MES_AV=7.1555
ROUTE_PAYMENT_MES_AV_SUCC=6.20109484973746
ROUTE_PAYMENT_HOPS_AV=11.327800000000002
ROUTE_PAYMENT_HOPS_AV_SUCC=10.59177745503296
ROUTE_PAYMENT_SUCCESS_DIRECT=0.8951
ROUTE_PAYMENT_SUCCESS=0.8951
