ROUTE_PAYMENT_MES_AV=5.5102999999999955
ROUTE_PAYMENT_MES_AV_SUCC=4.601028896672505
ROUTE_PAYMENT_HOPS_AV=5.358300000000002
ROUTE_PAYMENT_HOPS_AV_SUCC=4.566878283712787
ROUTE_PAYMENT_SUCCESS_DIRECT=0.9136
ROUTE_PAYMENT_SUCCESS=0.9136
