ROUTE_PAYMENT_MES_AV=5.3546999999999985
ROUTE_PAYMENT_MES_AV_SUCC=4.669412410763317
ROUTE_PAYMENT_HOPS_AV=5.244600000000001
ROUTE_PAYMENT_HOPS_AV_SUCC=4.645689181768258
ROUTE_PAYMENT_SUCCESS_DIRECT=0.9105
ROUTE_PAYMENT_SUCCESS=0.9105
