ROUTE_PAYMENT_MES_AV=4.8803
ROUTE_PAYMENT_MES_AV_SUCC=4.290100891943268
ROUTE_PAYMENT_HOPS_AV=3.5990000000000006
ROUTE_PAYMENT_HOPS_AV_SUCC=3.7926597455768385
ROUTE_PAYMENT_SUCCESS_DIRECT=0.6839
ROUTE_PAYMENT_SUCCESS=0.6839
