ROUTE_PAYMENT_MES_AV=6.863900000000004
ROUTE_PAYMENT_MES_AV_SUCC=5.963055587131975
ROUTE_PAYMENT_HOPS_AV=4.422
ROUTE_PAYMENT_HOPS_AV_SUCC=4.278958735932705
ROUTE_PAYMENT_SUCCESS_DIRECT=0.8797
ROUTE_PAYMENT_SUCCESS=0.8797
