ROUTE_PAYMENT_MES_AV=7.8090150000000005	7.811500000000002	7.1647000000000025	8.44	0.09924149327499973	0.09815812672499981	0.10032485982499968	7.670948689741987	7.947081310258014
ROUTE_PAYMENT_MES_AV_SUCC=6.563328119330262	6.632408506963189	6.218014215904043	6.811794762614435	0.029763571349280794	0.045953760393494365	0.018970111986471725	6.487717360937228	6.638938877723297
ROUTE_PAYMENT_HOPS_AV=8.141284999999996	7.967600000000001	6.948499999999999	9.745099999999995	0.4646294682749989	0.3080435842249976	0.699508294350001	7.842544262459463	8.44002573754053
ROUTE_PAYMENT_HOPS_AV_SUCC=7.5135152218349335	7.365591397849466	6.3160693395724765	9.21175541516245	0.5406428718737833	0.28599189866435576	1.1348284760291147	7.19126270775705	7.835767735912817
ROUTE_PAYMENT_SUCCESS_DIRECT=0.9222000000000001	0.9263	0.8864	0.9451	2.3560400000000037E-4	3.1803777777778165E-4	1.681581818181793E-4	0.9154728299917426	0.9289271700082576
ROUTE_PAYMENT_SUCCESS=0.9222000000000001	0.9263	0.8864	0.9451	2.3560400000000037E-4	3.1803777777778165E-4	1.681581818181793E-4	0.9154728299917426	0.9289271700082576
