ROUTE_PAYMENT_MES_AV=5.2513
ROUTE_PAYMENT_MES_AV_SUCC=4.620878519005368
ROUTE_PAYMENT_HOPS_AV=23.2931
ROUTE_PAYMENT_HOPS_AV_SUCC=20.274619344944682
ROUTE_PAYMENT_SUCCESS_DIRECT=0.9129
ROUTE_PAYMENT_SUCCESS=0.9129
