ROUTE_PAYMENT_MES_AV=5.3072
ROUTE_PAYMENT_MES_AV_SUCC=4.6170632127270155
ROUTE_PAYMENT_HOPS_AV=3.8288000000000006
ROUTE_PAYMENT_HOPS_AV_SUCC=3.9656483176122768
ROUTE_PAYMENT_SUCCESS_DIRECT=0.7103
ROUTE_PAYMENT_SUCCESS=0.7103
