ROUTE_PAYMENT_MES_AV=4.196900000000001
ROUTE_PAYMENT_MES_AV_SUCC=3.8631650518442973
ROUTE_PAYMENT_HOPS_AV=3.3130999999999995
ROUTE_PAYMENT_HOPS_AV_SUCC=3.7244603093659694
ROUTE_PAYMENT_SUCCESS_DIRECT=0.5883
ROUTE_PAYMENT_SUCCESS=0.5883
