ROUTE_PAYMENT_MES_AV=4.9153
ROUTE_PAYMENT_MES_AV_SUCC=4.534974656046346
ROUTE_PAYMENT_HOPS_AV=12.403200000000002
ROUTE_PAYMENT_HOPS_AV_SUCC=15.013178855901526
ROUTE_PAYMENT_SUCCESS_DIRECT=0.6905
ROUTE_PAYMENT_SUCCESS=0.6905
