ROUTE_PAYMENT_MES_AV=5.201400000000002
ROUTE_PAYMENT_MES_AV_SUCC=4.6122403888643335
ROUTE_PAYMENT_HOPS_AV=31.79659999999998
ROUTE_PAYMENT_HOPS_AV_SUCC=27.880247459124988
ROUTE_PAYMENT_SUCCESS_DIRECT=0.9052
ROUTE_PAYMENT_SUCCESS=0.9052
