ROUTE_PAYMENT_MES_AV=6.884699999999995
ROUTE_PAYMENT_MES_AV_SUCC=5.590483056957463
ROUTE_PAYMENT_HOPS_AV=15.5599
ROUTE_PAYMENT_HOPS_AV_SUCC=14.335736601778416
ROUTE_PAYMENT_SUCCESS_DIRECT=0.8322
ROUTE_PAYMENT_SUCCESS=0.8322
