ROUTE_PAYMENT_MES_AV=7.276
ROUTE_PAYMENT_MES_AV_SUCC=5.890389672483864
ROUTE_PAYMENT_HOPS_AV=4.490899999999998
ROUTE_PAYMENT_HOPS_AV_SUCC=4.268587138417401
ROUTE_PAYMENT_SUCCESS_DIRECT=0.8366
ROUTE_PAYMENT_SUCCESS=0.8366
