ROUTE_PAYMENT_MES_AV=5.727100000000003
ROUTE_PAYMENT_MES_AV_SUCC=4.742772424017794
ROUTE_PAYMENT_HOPS_AV=5.437000000000005
ROUTE_PAYMENT_HOPS_AV_SUCC=4.616859049031027
ROUTE_PAYMENT_SUCCESS_DIRECT=0.9443
ROUTE_PAYMENT_SUCCESS=0.9443
