ROUTE_PAYMENT_MES_AV=4.9364
ROUTE_PAYMENT_MES_AV_SUCC=4.478068926231844
ROUTE_PAYMENT_HOPS_AV=12.465799999999993
ROUTE_PAYMENT_HOPS_AV_SUCC=14.943178581600682
ROUTE_PAYMENT_SUCCESS_DIRECT=0.7022
ROUTE_PAYMENT_SUCCESS=0.7022
