ROUTE_PAYMENT_MES_AV=5.706999999999999
ROUTE_PAYMENT_MES_AV_SUCC=4.767680034497629
ROUTE_PAYMENT_HOPS_AV=5.443799999999997
ROUTE_PAYMENT_HOPS_AV_SUCC=4.672919361793878
ROUTE_PAYMENT_SUCCESS_DIRECT=0.9276
ROUTE_PAYMENT_SUCCESS=0.9276
