ROUTE_PAYMENT_MES_AV=8.883099999999999
ROUTE_PAYMENT_MES_AV_SUCC=6.883039092055484
ROUTE_PAYMENT_HOPS_AV=5.094200000000001
ROUTE_PAYMENT_HOPS_AV_SUCC=4.486023539302229
ROUTE_PAYMENT_SUCCESS_DIRECT=0.9516
ROUTE_PAYMENT_SUCCESS=0.9516
