ROUTE_PAYMENT_MES_AV=7.380799999999999
ROUTE_PAYMENT_MES_AV_SUCC=6.4022913256955825
ROUTE_PAYMENT_HOPS_AV=6.6228
ROUTE_PAYMENT_HOPS_AV_SUCC=6.38897981451173
ROUTE_PAYMENT_SUCCESS_DIRECT=0.9165
ROUTE_PAYMENT_SUCCESS=0.9165
