ROUTE_PAYMENT_MES_AV=6.3107000000000015
ROUTE_PAYMENT_MES_AV_SUCC=4.874042093901779
ROUTE_PAYMENT_HOPS_AV=5.902400000000001
ROUTE_PAYMENT_HOPS_AV_SUCC=4.7262817053426875
ROUTE_PAYMENT_SUCCESS_DIRECT=0.9265
ROUTE_PAYMENT_SUCCESS=0.9265
