ROUTE_PAYMENT_MES_AV=5.445100000000004
ROUTE_PAYMENT_MES_AV_SUCC=4.695281287118023
ROUTE_PAYMENT_HOPS_AV=11.489800000000006
ROUTE_PAYMENT_HOPS_AV_SUCC=9.831659647986186
ROUTE_PAYMENT_SUCCESS_DIRECT=0.9261
ROUTE_PAYMENT_SUCCESS=0.9261
