ROUTE_PAYMENT_MES_AV=3.7020999999999993
ROUTE_PAYMENT_MES_AV_SUCC=3.805097706032285
ROUTE_PAYMENT_HOPS_AV=17.81380000000002
ROUTE_PAYMENT_HOPS_AV_SUCC=23.803398470688176
ROUTE_PAYMENT_SUCCESS_DIRECT=0.5885
ROUTE_PAYMENT_SUCCESS=0.5885
