ROUTE_PAYMENT_MES_AV=6.195000000000002
ROUTE_PAYMENT_MES_AV_SUCC=4.777131508015322
ROUTE_PAYMENT_HOPS_AV=28.794
ROUTE_PAYMENT_HOPS_AV_SUCC=27.581500922116618
ROUTE_PAYMENT_SUCCESS_DIRECT=0.7049
ROUTE_PAYMENT_SUCCESS=0.7049
