ROUTE_PAYMENT_MES_AV=5.7273000000000005
ROUTE_PAYMENT_MES_AV_SUCC=4.687144237998068
ROUTE_PAYMENT_HOPS_AV=26.97709999999999
ROUTE_PAYMENT_HOPS_AV_SUCC=22.175706154011383
ROUTE_PAYMENT_SUCCESS_DIRECT=0.9311
ROUTE_PAYMENT_SUCCESS=0.9311
