ROUTE_PAYMENT_MES_AV=5.870600000000005
ROUTE_PAYMENT_MES_AV_SUCC=4.788409848403398
ROUTE_PAYMENT_HOPS_AV=12.646
ROUTE_PAYMENT_HOPS_AV_SUCC=10.27663692076121
ROUTE_PAYMENT_SUCCESS_DIRECT=0.9301
ROUTE_PAYMENT_SUCCESS=0.9301
