ROUTE_PAYMENT_MES_AV=5.963699999999997
ROUTE_PAYMENT_MES_AV_SUCC=4.806593642611687
ROUTE_PAYMENT_HOPS_AV=5.637000000000002
ROUTE_PAYMENT_HOPS_AV_SUCC=4.674183848797254
ROUTE_PAYMENT_SUCCESS_DIRECT=0.9312
ROUTE_PAYMENT_SUCCESS=0.9312
