ROUTE_PAYMENT_MES_AV=7.1453000000000015
ROUTE_PAYMENT_MES_AV_SUCC=5.928512832532521
ROUTE_PAYMENT_HOPS_AV=12.824400000000004
ROUTE_PAYMENT_HOPS_AV_SUCC=12.057658502285246
ROUTE_PAYMENT_SUCCESS_DIRECT=0.8533
ROUTE_PAYMENT_SUCCESS=0.8533
