ROUTE_PAYMENT_MES_AV=6.2823
ROUTE_PAYMENT_MES_AV_SUCC=4.956791754756868
ROUTE_PAYMENT_HOPS_AV=4.1076
ROUTE_PAYMENT_HOPS_AV_SUCC=3.9889006342494717
ROUTE_PAYMENT_SUCCESS_DIRECT=0.7568
ROUTE_PAYMENT_SUCCESS=0.7568
