ROUTE_PAYMENT_MES_AV=6.150000000000004
ROUTE_PAYMENT_MES_AV_SUCC=4.901736597993742
ROUTE_PAYMENT_HOPS_AV=5.812
ROUTE_PAYMENT_HOPS_AV_SUCC=4.781037644267068
ROUTE_PAYMENT_SUCCESS_DIRECT=0.9271
ROUTE_PAYMENT_SUCCESS=0.9271
