ROUTE_PAYMENT_MES_AV=7.754099999999997
ROUTE_PAYMENT_MES_AV_SUCC=5.960920079802841
ROUTE_PAYMENT_HOPS_AV=4.666600000000002
ROUTE_PAYMENT_HOPS_AV_SUCC=4.255251731017487
ROUTE_PAYMENT_SUCCESS_DIRECT=0.8521
ROUTE_PAYMENT_SUCCESS=0.8521
