ROUTE_PAYMENT_MES_AV=3.5112999999999994
ROUTE_PAYMENT_MES_AV_SUCC=3.7554679096450343
ROUTE_PAYMENT_HOPS_AV=19.4427
ROUTE_PAYMENT_HOPS_AV_SUCC=26.977949085693805
ROUTE_PAYMENT_SUCCESS_DIRECT=0.5578
ROUTE_PAYMENT_SUCCESS=0.5578
