ROUTE_PAYMENT_MES_AV=4.0282
ROUTE_PAYMENT_MES_AV_SUCC=3.671043165467625
ROUTE_PAYMENT_HOPS_AV=3.1834999999999996
ROUTE_PAYMENT_HOPS_AV_SUCC=3.608273381294964
ROUTE_PAYMENT_SUCCESS_DIRECT=0.556
ROUTE_PAYMENT_SUCCESS=0.556
