ROUTE_PAYMENT_MES_AV=7.612200000000004
ROUTE_PAYMENT_MES_AV_SUCC=6.727823867262287
ROUTE_PAYMENT_HOPS_AV=4.641799999999997
ROUTE_PAYMENT_HOPS_AV_SUCC=4.395766858115297
ROUTE_PAYMENT_SUCCESS_DIRECT=0.9402
ROUTE_PAYMENT_SUCCESS=0.9402
