ROUTE_PAYMENT_MES_AV=6.022800000000002
ROUTE_PAYMENT_MES_AV_SUCC=4.8918954248366
ROUTE_PAYMENT_HOPS_AV=4.031799999999999
ROUTE_PAYMENT_HOPS_AV_SUCC=3.9819607843137246
ROUTE_PAYMENT_SUCCESS_DIRECT=0.765
ROUTE_PAYMENT_SUCCESS=0.765
