ROUTE_PAYMENT_MES_AV=5.503899999999999
ROUTE_PAYMENT_MES_AV_SUCC=4.790938936309914
ROUTE_PAYMENT_HOPS_AV=3.8815
ROUTE_PAYMENT_HOPS_AV_SUCC=3.93919894944189
ROUTE_PAYMENT_SUCCESS_DIRECT=0.7615
ROUTE_PAYMENT_SUCCESS=0.7615
