ROUTE_PAYMENT_MES_AV=7.0345
ROUTE_PAYMENT_MES_AV_SUCC=5.784469287173943
ROUTE_PAYMENT_HOPS_AV=4.3928
ROUTE_PAYMENT_HOPS_AV_SUCC=4.208318307488882
ROUTE_PAYMENT_SUCCESS_DIRECT=0.8319
ROUTE_PAYMENT_SUCCESS=0.8319
