ROUTE_PAYMENT_MES_AV=7.310199999999996
ROUTE_PAYMENT_MES_AV_SUCC=5.9202518363064
ROUTE_PAYMENT_HOPS_AV=12.944999999999991
ROUTE_PAYMENT_HOPS_AV_SUCC=11.65978780459368
ROUTE_PAYMENT_SUCCESS_DIRECT=0.8577
ROUTE_PAYMENT_SUCCESS=0.8577
