ROUTE_PAYMENT_MES_AV=4.447
ROUTE_PAYMENT_MES_AV_SUCC=4.212234519892313
ROUTE_PAYMENT_HOPS_AV=13.923200000000001
ROUTE_PAYMENT_HOPS_AV_SUCC=17.17544122046066
ROUTE_PAYMENT_SUCCESS_DIRECT=0.6686
ROUTE_PAYMENT_SUCCESS=0.6686
