ROUTE_PAYMENT_MES_AV=6.5583
ROUTE_PAYMENT_MES_AV_SUCC=5.221468631798614
ROUTE_PAYMENT_HOPS_AV=22.858700000000002
ROUTE_PAYMENT_HOPS_AV_SUCC=21.335463675492374
ROUTE_PAYMENT_SUCCESS_DIRECT=0.7667
ROUTE_PAYMENT_SUCCESS=0.7667
