ROUTE_PAYMENT_MES_AV=7.890899999999997
ROUTE_PAYMENT_MES_AV_SUCC=6.352378810032612
ROUTE_PAYMENT_HOPS_AV=4.684800000000001
ROUTE_PAYMENT_HOPS_AV_SUCC=4.339781801822068
ROUTE_PAYMENT_SUCCESS_DIRECT=0.8891
ROUTE_PAYMENT_SUCCESS=0.8891
