ROUTE_PAYMENT_MES_AV=6.640400000000001
ROUTE_PAYMENT_MES_AV_SUCC=5.29772262026612
ROUTE_PAYMENT_HOPS_AV=20.101999999999997
ROUTE_PAYMENT_HOPS_AV_SUCC=18.70138178096213
ROUTE_PAYMENT_SUCCESS_DIRECT=0.7816
ROUTE_PAYMENT_SUCCESS=0.7816
