ROUTE_PAYMENT_MES_AV=5.502600000000003
ROUTE_PAYMENT_MES_AV_SUCC=4.681769494430163
ROUTE_PAYMENT_HOPS_AV=20.584600000000027
ROUTE_PAYMENT_HOPS_AV_SUCC=17.670844044558695
ROUTE_PAYMENT_SUCCESS_DIRECT=0.9336
ROUTE_PAYMENT_SUCCESS=0.9336
