ROUTE_PAYMENT_MES_AV=5.6607
ROUTE_PAYMENT_MES_AV_SUCC=4.718766901027583
ROUTE_PAYMENT_HOPS_AV=32.67410000000001
ROUTE_PAYMENT_HOPS_AV_SUCC=26.876257436452136
ROUTE_PAYMENT_SUCCESS_DIRECT=0.9245
ROUTE_PAYMENT_SUCCESS=0.9245
