ROUTE_PAYMENT_MES_AV=5.582600000000001
ROUTE_PAYMENT_MES_AV_SUCC=4.797237509442108
ROUTE_PAYMENT_HOPS_AV=8.404800000000002
ROUTE_PAYMENT_HOPS_AV_SUCC=7.1967195424625
ROUTE_PAYMENT_SUCCESS_DIRECT=0.9267
ROUTE_PAYMENT_SUCCESS=0.9267
