ROUTE_PAYMENT_MES_AV=5.85641	5.855199999999999	5.6218999999999975	6.1209000000000024	0.020457508900000042	0.015733530645454564	0.026231260100000073	5.79372444895742	5.919095551042581
ROUTE_PAYMENT_MES_AV_SUCC=4.769230601692078	4.748044153895612	4.657250268528466	4.92604951560818	0.005611000880705589	0.004316808534567184	0.00719279152598586	4.736401330467058	4.802059872917098
ROUTE_PAYMENT_HOPS_AV=5.553554999999999	5.532900000000002	5.333699999999998	5.8035000000000005	0.01582228947499997	0.011779326206818102	0.020763689025000028	5.49842655577782	5.608683444222179
ROUTE_PAYMENT_HOPS_AV_SUCC=4.653958440046383	4.646054054054057	4.548549946294306	4.8088266953713665	0.005132688764844913	0.003944346752134249	0.006585106780380168	4.622559604750286	4.685357275342479
ROUTE_PAYMENT_SUCCESS_DIRECT=0.929025	0.929	0.921	0.9378	1.837287500000002E-5	1.6760170454545354E-5	2.0343958333333515E-5	0.9271464202625387	0.9309035797374613
ROUTE_PAYMENT_SUCCESS=0.929025	0.929	0.921	0.9378	1.837287500000002E-5	1.6760170454545354E-5	2.0343958333333515E-5	0.9271464202625387	0.9309035797374613
