ROUTE_PAYMENT_MES_AV=7.124099999999998
ROUTE_PAYMENT_MES_AV_SUCC=5.748727272727275
ROUTE_PAYMENT_HOPS_AV=16.203999999999994
ROUTE_PAYMENT_HOPS_AV_SUCC=14.954424242424244
ROUTE_PAYMENT_SUCCESS_DIRECT=0.825
ROUTE_PAYMENT_SUCCESS=0.825
