ROUTE_PAYMENT_MES_AV=5.078499999999999
ROUTE_PAYMENT_MES_AV_SUCC=4.490950970714051
ROUTE_PAYMENT_HOPS_AV=24.944299999999995
ROUTE_PAYMENT_HOPS_AV_SUCC=21.884611165953707
ROUTE_PAYMENT_SUCCESS_DIRECT=0.9117
ROUTE_PAYMENT_SUCCESS=0.9117
