ROUTE_PAYMENT_MES_AV=5.102200000000002
ROUTE_PAYMENT_MES_AV_SUCC=4.440005831753901
ROUTE_PAYMENT_HOPS_AV=3.690400000000001
ROUTE_PAYMENT_HOPS_AV_SUCC=3.849832337075376
ROUTE_PAYMENT_SUCCESS_DIRECT=0.6859
ROUTE_PAYMENT_SUCCESS=0.6859
