ROUTE_PAYMENT_MES_AV=5.748899999999997
ROUTE_PAYMENT_MES_AV_SUCC=4.754947550556938
ROUTE_PAYMENT_HOPS_AV=31.087100000000017
ROUTE_PAYMENT_HOPS_AV_SUCC=25.418081539958905
ROUTE_PAYMENT_SUCCESS_DIRECT=0.9247
ROUTE_PAYMENT_SUCCESS=0.9247
