ROUTE_PAYMENT_MES_AV=4.568599999999998
ROUTE_PAYMENT_MES_AV_SUCC=4.0652244107200515
ROUTE_PAYMENT_HOPS_AV=3.483
ROUTE_PAYMENT_HOPS_AV_SUCC=3.8075556990636095
ROUTE_PAYMENT_SUCCESS_DIRECT=0.6194
ROUTE_PAYMENT_SUCCESS=0.6194
