ROUTE_PAYMENT_MES_AV=5.633899999999998
ROUTE_PAYMENT_MES_AV_SUCC=4.582907469827119
ROUTE_PAYMENT_HOPS_AV=5.349
ROUTE_PAYMENT_HOPS_AV_SUCC=4.483201043818639
ROUTE_PAYMENT_SUCCESS_DIRECT=0.9197
ROUTE_PAYMENT_SUCCESS=0.9197
