ROUTE_PAYMENT_MES_AV=6.898200000000001
ROUTE_PAYMENT_MES_AV_SUCC=5.582694684796043
ROUTE_PAYMENT_HOPS_AV=17.844100000000005
ROUTE_PAYMENT_HOPS_AV_SUCC=16.82200247218788
ROUTE_PAYMENT_SUCCESS_DIRECT=0.809
ROUTE_PAYMENT_SUCCESS=0.809
