ROUTE_PAYMENT_MES_AV=5.855199999999999
ROUTE_PAYMENT_MES_AV_SUCC=4.727726532826915
ROUTE_PAYMENT_HOPS_AV=5.532900000000002
ROUTE_PAYMENT_HOPS_AV_SUCC=4.6173629951166575
ROUTE_PAYMENT_SUCCESS_DIRECT=0.9215
ROUTE_PAYMENT_SUCCESS=0.9215
