ROUTE_PAYMENT_MES_AV=4.707400000000001
ROUTE_PAYMENT_MES_AV_SUCC=4.351735739409696
ROUTE_PAYMENT_HOPS_AV=13.006200000000002
ROUTE_PAYMENT_HOPS_AV_SUCC=16.17907936993424
ROUTE_PAYMENT_SUCCESS_DIRECT=0.6539
ROUTE_PAYMENT_SUCCESS=0.6539
