ROUTE_PAYMENT_MES_AV=7.0185999999999975
ROUTE_PAYMENT_MES_AV_SUCC=5.931577762772902
ROUTE_PAYMENT_HOPS_AV=4.441499999999998
ROUTE_PAYMENT_HOPS_AV_SUCC=4.175219446320057
ROUTE_PAYMENT_SUCCESS_DIRECT=0.8886
ROUTE_PAYMENT_SUCCESS=0.8886
