ROUTE_PAYMENT_MES_AV=9.413800000000002
ROUTE_PAYMENT_MES_AV_SUCC=7.230449683248522
ROUTE_PAYMENT_HOPS_AV=5.128099999999997
ROUTE_PAYMENT_HOPS_AV_SUCC=4.540139162945271
ROUTE_PAYMENT_SUCCESS_DIRECT=0.9629
ROUTE_PAYMENT_SUCCESS=0.9629
