ROUTE_PAYMENT_MES_AV=5.0348
ROUTE_PAYMENT_MES_AV_SUCC=4.503851232394365
ROUTE_PAYMENT_HOPS_AV=31.826200000000018
ROUTE_PAYMENT_HOPS_AV_SUCC=28.076914612676028
ROUTE_PAYMENT_SUCCESS_DIRECT=0.9088
ROUTE_PAYMENT_SUCCESS=0.9088
