ROUTE_PAYMENT_MES_AV=7.271699999999999
ROUTE_PAYMENT_MES_AV_SUCC=6.222787961077167
ROUTE_PAYMENT_HOPS_AV=4.496900000000001
ROUTE_PAYMENT_HOPS_AV_SUCC=4.314098212265219
ROUTE_PAYMENT_SUCCESS_DIRECT=0.8838
ROUTE_PAYMENT_SUCCESS=0.8838
