ROUTE_PAYMENT_MES_AV=3.3833999999999995
ROUTE_PAYMENT_MES_AV_SUCC=3.3833999999999995
ROUTE_PAYMENT_HOPS_AV=3.3775999999999997
ROUTE_PAYMENT_HOPS_AV_SUCC=3.3775999999999997
ROUTE_PAYMENT_SUCCESS_DIRECT=1.0
ROUTE_PAYMENT_SUCCESS=1.0
ROUTE_PAYMENT_FEE_AV=9.98916332894923E-5
ROUTE_PAYMENT_FEE_MED=1.4002053225432382E-4
ROUTE_PAYMENT_FEE_Q1=2.8075305970403966E-5
ROUTE_PAYMENT_FEE_Q3=1.3831267165452838E-4
