ROUTE_PAYMENT_MES_AV=5.806699999999998
ROUTE_PAYMENT_MES_AV_SUCC=4.679852606480978
ROUTE_PAYMENT_HOPS_AV=37.491199999999985
ROUTE_PAYMENT_HOPS_AV_SUCC=29.979733391134722
ROUTE_PAYMENT_SUCCESS_DIRECT=0.9227
ROUTE_PAYMENT_SUCCESS=0.9227
