ROUTE_PAYMENT_MES_AV=5.506899999999999
ROUTE_PAYMENT_MES_AV_SUCC=4.824257755292237
ROUTE_PAYMENT_HOPS_AV=3.877299999999999
ROUTE_PAYMENT_HOPS_AV_SUCC=3.9636533084808945
ROUTE_PAYMENT_SUCCESS_DIRECT=0.7511
ROUTE_PAYMENT_SUCCESS=0.7511
