ROUTE_PAYMENT_MES_AV=6.1309000000000005
ROUTE_PAYMENT_MES_AV_SUCC=4.852500668627975
ROUTE_PAYMENT_HOPS_AV=4.035900000000001
ROUTE_PAYMENT_HOPS_AV_SUCC=3.938887403048944
ROUTE_PAYMENT_SUCCESS_DIRECT=0.7478
ROUTE_PAYMENT_SUCCESS=0.7478
