ROUTE_PAYMENT_MES_AV=5.5166
ROUTE_PAYMENT_MES_AV_SUCC=4.774822695035461
ROUTE_PAYMENT_HOPS_AV=3.9171000000000005
ROUTE_PAYMENT_HOPS_AV_SUCC=4.000545553737044
ROUTE_PAYMENT_SUCCESS_DIRECT=0.7332
ROUTE_PAYMENT_SUCCESS=0.7332
