ROUTE_PAYMENT_MES_AV=7.035500000000002
ROUTE_PAYMENT_MES_AV_SUCC=5.657654366094263
ROUTE_PAYMENT_HOPS_AV=4.4517
ROUTE_PAYMENT_HOPS_AV_SUCC=4.224333211545485
ROUTE_PAYMENT_SUCCESS_DIRECT=0.8211
ROUTE_PAYMENT_SUCCESS=0.8211
