ROUTE_PAYMENT_MES_AV=5.622200000000002
ROUTE_PAYMENT_MES_AV_SUCC=4.776494711849773
ROUTE_PAYMENT_HOPS_AV=5.394999999999994
ROUTE_PAYMENT_HOPS_AV_SUCC=4.692855601122382
ROUTE_PAYMENT_SUCCESS_DIRECT=0.9266
ROUTE_PAYMENT_SUCCESS=0.9266
