ROUTE_PAYMENT_MES_AV=5.253500000000005
ROUTE_PAYMENT_MES_AV_SUCC=4.641395908543923
ROUTE_PAYMENT_HOPS_AV=33.91469999999998
ROUTE_PAYMENT_HOPS_AV_SUCC=29.495569412536902
ROUTE_PAYMENT_SUCCESS_DIRECT=0.9141
ROUTE_PAYMENT_SUCCESS=0.9141
