ROUTE_PAYMENT_MES_AV=3.8444
ROUTE_PAYMENT_MES_AV_SUCC=3.8419913419913416
ROUTE_PAYMENT_HOPS_AV=17.00940000000001
ROUTE_PAYMENT_HOPS_AV_SUCC=22.479353979353984
ROUTE_PAYMENT_SUCCESS_DIRECT=0.6006
ROUTE_PAYMENT_SUCCESS=0.6006
