ROUTE_PAYMENT_MES_AV=8.995599999999996
ROUTE_PAYMENT_MES_AV_SUCC=6.985457920792079
ROUTE_PAYMENT_HOPS_AV=5.032700000000001
ROUTE_PAYMENT_HOPS_AV_SUCC=4.4395627062706255
ROUTE_PAYMENT_SUCCESS_DIRECT=0.9696
ROUTE_PAYMENT_SUCCESS=0.9696
