ROUTE_PAYMENT_MES_AV=4.575000000000001
ROUTE_PAYMENT_MES_AV_SUCC=4.302012383900928
ROUTE_PAYMENT_HOPS_AV=13.367000000000008
ROUTE_PAYMENT_HOPS_AV_SUCC=16.950154798761616
ROUTE_PAYMENT_SUCCESS_DIRECT=0.646
ROUTE_PAYMENT_SUCCESS=0.646
