ROUTE_PAYMENT_MES_AV=6.9784000000000015
ROUTE_PAYMENT_MES_AV_SUCC=5.8510491122896005
ROUTE_PAYMENT_HOPS_AV=11.733499999999998
ROUTE_PAYMENT_HOPS_AV_SUCC=10.988356006456073
ROUTE_PAYMENT_SUCCESS_DIRECT=0.8674
ROUTE_PAYMENT_SUCCESS=0.8674
