ROUTE_PAYMENT_MES_AV=5.261799999999998
ROUTE_PAYMENT_MES_AV_SUCC=4.53890647167958
ROUTE_PAYMENT_HOPS_AV=16.810700000000004
ROUTE_PAYMENT_HOPS_AV_SUCC=14.186838371712321
ROUTE_PAYMENT_SUCCESS_DIRECT=0.9163
ROUTE_PAYMENT_SUCCESS=0.9163
