ROUTE_PAYMENT_MES_AV=5.787600000000002
ROUTE_PAYMENT_MES_AV_SUCC=4.807564198990008
ROUTE_PAYMENT_HOPS_AV=5.511200000000003
ROUTE_PAYMENT_HOPS_AV_SUCC=4.692919308047707
ROUTE_PAYMENT_SUCCESS_DIRECT=0.9307
ROUTE_PAYMENT_SUCCESS=0.9307
