ROUTE_PAYMENT_MES_AV=7.108699999999997
ROUTE_PAYMENT_MES_AV_SUCC=5.7444881420569684
ROUTE_PAYMENT_HOPS_AV=15.100299999999994
ROUTE_PAYMENT_HOPS_AV_SUCC=13.818019306399714
ROUTE_PAYMENT_SUCCESS_DIRECT=0.8391
ROUTE_PAYMENT_SUCCESS=0.8391
