ROUTE_PAYMENT_MES_AV=5.546900000000001
ROUTE_PAYMENT_MES_AV_SUCC=4.645419187554019
ROUTE_PAYMENT_HOPS_AV=34.91070000000002
ROUTE_PAYMENT_HOPS_AV_SUCC=28.788353500432166
ROUTE_PAYMENT_SUCCESS_DIRECT=0.9256
ROUTE_PAYMENT_SUCCESS=0.9256
