ROUTE_PAYMENT_MES_AV=5.6929000000000025
ROUTE_PAYMENT_MES_AV_SUCC=4.720629446001291
ROUTE_PAYMENT_HOPS_AV=21.34359999999999
ROUTE_PAYMENT_HOPS_AV_SUCC=17.51455054968744
ROUTE_PAYMENT_SUCCESS_DIRECT=0.9278
ROUTE_PAYMENT_SUCCESS=0.9278
