ROUTE_PAYMENT_MES_AV=9.1626
ROUTE_PAYMENT_MES_AV_SUCC=6.912802056555271
ROUTE_PAYMENT_HOPS_AV=4.971700000000001
ROUTE_PAYMENT_HOPS_AV_SUCC=4.383341902313624
ROUTE_PAYMENT_SUCCESS_DIRECT=0.9725
ROUTE_PAYMENT_SUCCESS=0.9725
