ROUTE_PAYMENT_MES_AV=6.5701
ROUTE_PAYMENT_MES_AV_SUCC=5.168619460010188
ROUTE_PAYMENT_HOPS_AV=21.055000000000017
ROUTE_PAYMENT_HOPS_AV_SUCC=19.616658176260813
ROUTE_PAYMENT_SUCCESS_DIRECT=0.7852
ROUTE_PAYMENT_SUCCESS=0.7852
