ROUTE_PAYMENT_MES_AV=5.3069000000000015
ROUTE_PAYMENT_MES_AV_SUCC=4.827769450878865
ROUTE_PAYMENT_HOPS_AV=11.269699999999995
ROUTE_PAYMENT_HOPS_AV_SUCC=13.002316391879006
ROUTE_PAYMENT_SUCCESS_DIRECT=0.7339
ROUTE_PAYMENT_SUCCESS=0.7339
