ROUTE_PAYMENT_MES_AV=5.712300000000003
ROUTE_PAYMENT_MES_AV_SUCC=4.732069339111592
ROUTE_PAYMENT_HOPS_AV=33.42319999999999
ROUTE_PAYMENT_HOPS_AV_SUCC=27.59469122426867
ROUTE_PAYMENT_SUCCESS_DIRECT=0.923
ROUTE_PAYMENT_SUCCESS=0.923
