ROUTE_PAYMENT_MES_AV=5.788100000000003
ROUTE_PAYMENT_MES_AV_SUCC=4.713078340015169
ROUTE_PAYMENT_HOPS_AV=40.755900000000004
ROUTE_PAYMENT_HOPS_AV_SUCC=32.700400910174444
ROUTE_PAYMENT_SUCCESS_DIRECT=0.9229
ROUTE_PAYMENT_SUCCESS=0.9229
