ROUTE_PAYMENT_MES_AV=5.1048
ROUTE_PAYMENT_MES_AV_SUCC=4.499614240052906
ROUTE_PAYMENT_HOPS_AV=28.313300000000012
ROUTE_PAYMENT_HOPS_AV_SUCC=24.479224071420717
ROUTE_PAYMENT_SUCCESS_DIRECT=0.9073
ROUTE_PAYMENT_SUCCESS=0.9073
