ROUTE_PAYMENT_MES_AV=5.5785
ROUTE_PAYMENT_MES_AV_SUCC=4.593696213425128
ROUTE_PAYMENT_HOPS_AV=33.922
ROUTE_PAYMENT_HOPS_AV_SUCC=27.65189328743545
ROUTE_PAYMENT_SUCCESS_DIRECT=0.9296
ROUTE_PAYMENT_SUCCESS=0.9296
