ROUTE_PAYMENT_MES_AV=5.7666999999999975
ROUTE_PAYMENT_MES_AV_SUCC=4.641820364509441
ROUTE_PAYMENT_HOPS_AV=5.480599999999997
ROUTE_PAYMENT_HOPS_AV_SUCC=4.522754556368005
ROUTE_PAYMENT_SUCCESS_DIRECT=0.9163
ROUTE_PAYMENT_SUCCESS=0.9163
