ROUTE_PAYMENT_MES_AV=8.2635
ROUTE_PAYMENT_MES_AV_SUCC=6.181899742065718
ROUTE_PAYMENT_HOPS_AV=4.786599999999996
ROUTE_PAYMENT_HOPS_AV_SUCC=4.286867780643716
ROUTE_PAYMENT_SUCCESS_DIRECT=0.8917
ROUTE_PAYMENT_SUCCESS=0.8917
