ROUTE_PAYMENT_MES_AV=4.999800000000002
ROUTE_PAYMENT_MES_AV_SUCC=4.4725636523266
ROUTE_PAYMENT_HOPS_AV=39.562200000000026
ROUTE_PAYMENT_HOPS_AV_SUCC=34.74725636523264
ROUTE_PAYMENT_SUCCESS_DIRECT=0.9112
ROUTE_PAYMENT_SUCCESS=0.9112
