ROUTE_PAYMENT_MES_AV=4.261099999999999
ROUTE_PAYMENT_MES_AV_SUCC=3.8776378488767858
ROUTE_PAYMENT_HOPS_AV=3.3330999999999995
ROUTE_PAYMENT_HOPS_AV_SUCC=3.7324710687542546
ROUTE_PAYMENT_SUCCESS_DIRECT=0.5876
ROUTE_PAYMENT_SUCCESS=0.5876
