ROUTE_PAYMENT_MES_AV=6.029000000000002
ROUTE_PAYMENT_MES_AV_SUCC=4.7071751777634105
ROUTE_PAYMENT_HOPS_AV=5.676700000000002
ROUTE_PAYMENT_HOPS_AV_SUCC=4.612152553329022
ROUTE_PAYMENT_SUCCESS_DIRECT=0.9282
ROUTE_PAYMENT_SUCCESS=0.9282
