ROUTE_PAYMENT_MES_AV=8.699099999999996
ROUTE_PAYMENT_MES_AV_SUCC=6.951979434447302
ROUTE_PAYMENT_HOPS_AV=4.951699999999997
ROUTE_PAYMENT_HOPS_AV_SUCC=4.4433933161953725
ROUTE_PAYMENT_SUCCESS_DIRECT=0.9725
ROUTE_PAYMENT_SUCCESS=0.9725
