ROUTE_PAYMENT_MES_AV=5.0485999999999995
ROUTE_PAYMENT_MES_AV_SUCC=4.480927034819249
ROUTE_PAYMENT_HOPS_AV=39.53779999999995
ROUTE_PAYMENT_HOPS_AV_SUCC=34.3274561987137
ROUTE_PAYMENT_SUCCESS_DIRECT=0.9018
ROUTE_PAYMENT_SUCCESS=0.9018
