ROUTE_PAYMENT_MES_AV=5.765200000000005
ROUTE_PAYMENT_MES_AV_SUCC=4.8251681075888575
ROUTE_PAYMENT_HOPS_AV=8.542500000000006
ROUTE_PAYMENT_HOPS_AV_SUCC=7.0036289892197665
ROUTE_PAYMENT_SUCCESS_DIRECT=0.9369
ROUTE_PAYMENT_SUCCESS=0.9369
