ROUTE_PAYMENT_MES_AV=5.883599999999999
ROUTE_PAYMENT_MES_AV_SUCC=4.74651389039023
ROUTE_PAYMENT_HOPS_AV=18.196900000000003
ROUTE_PAYMENT_HOPS_AV_SUCC=14.471624689222786
ROUTE_PAYMENT_SUCCESS_DIRECT=0.9251
ROUTE_PAYMENT_SUCCESS=0.9251
