ROUTE_PAYMENT_MES_AV=22.39840000000002
ROUTE_PAYMENT_MES_AV_SUCC=22.39840000000002
ROUTE_PAYMENT_HOPS_AV=3.8980999999999995
ROUTE_PAYMENT_HOPS_AV_SUCC=3.8980999999999995
ROUTE_PAYMENT_SUCCESS_DIRECT=1.0
ROUTE_PAYMENT_SUCCESS=1.0
ROUTE_PAYMENT_FEE_AV=2.484291533592877E-7
ROUTE_PAYMENT_FEE_MED=3.167608979259374E-7
ROUTE_PAYMENT_FEE_Q1=6.020960480910456E-8
ROUTE_PAYMENT_FEE_Q3=3.3018289898359397E-7
