ROUTE_PAYMENT_MES_AV=6.469499999999998
ROUTE_PAYMENT_MES_AV_SUCC=5.2566371681415935
ROUTE_PAYMENT_HOPS_AV=19.77780000000001
ROUTE_PAYMENT_HOPS_AV_SUCC=18.917446270543618
ROUTE_PAYMENT_SUCCESS_DIRECT=0.791
ROUTE_PAYMENT_SUCCESS=0.791
