ROUTE_PAYMENT_MES_AV=5.982600000000001
ROUTE_PAYMENT_MES_AV_SUCC=5.324579703031047
ROUTE_PAYMENT_HOPS_AV=9.293300000000002
ROUTE_PAYMENT_HOPS_AV_SUCC=9.867959258804756
ROUTE_PAYMENT_SUCCESS_DIRECT=0.8149
ROUTE_PAYMENT_SUCCESS=0.8149
