ROUTE_PAYMENT_MES_AV=8.086400000000003
ROUTE_PAYMENT_MES_AV_SUCC=6.593369927887201
ROUTE_PAYMENT_HOPS_AV=4.779000000000002
ROUTE_PAYMENT_HOPS_AV_SUCC=4.357442686470776
ROUTE_PAYMENT_SUCCESS_DIRECT=0.9291
ROUTE_PAYMENT_SUCCESS=0.9291
