ROUTE_PAYMENT_MES_AV=7.313
ROUTE_PAYMENT_MES_AV_SUCC=6.373484765752978
ROUTE_PAYMENT_HOPS_AV=4.5761999999999965
ROUTE_PAYMENT_HOPS_AV_SUCC=4.343234683848423
ROUTE_PAYMENT_SUCCESS_DIRECT=0.9157
ROUTE_PAYMENT_SUCCESS=0.9157
