ROUTE_PAYMENT_MES_AV=5.652800000000003
ROUTE_PAYMENT_MES_AV_SUCC=4.84323388385722
ROUTE_PAYMENT_HOPS_AV=3.9012000000000002
ROUTE_PAYMENT_HOPS_AV_SUCC=3.9412626531699524
ROUTE_PAYMENT_SUCCESS_DIRECT=0.7508
ROUTE_PAYMENT_SUCCESS=0.7508
