ROUTE_PAYMENT_MES_AV=3.8502999999999994
ROUTE_PAYMENT_MES_AV_SUCC=3.8714069591527998
ROUTE_PAYMENT_HOPS_AV=17.075499999999998
ROUTE_PAYMENT_HOPS_AV_SUCC=22.73289628508992
ROUTE_PAYMENT_SUCCESS_DIRECT=0.5949
ROUTE_PAYMENT_SUCCESS=0.5949
