ROUTE_PAYMENT_MES_AV=6.4224
ROUTE_PAYMENT_MES_AV_SUCC=4.95455764075067
ROUTE_PAYMENT_HOPS_AV=4.144100000000001
ROUTE_PAYMENT_HOPS_AV_SUCC=3.9898123324396786
ROUTE_PAYMENT_SUCCESS_DIRECT=0.746
ROUTE_PAYMENT_SUCCESS=0.746
