ROUTE_PAYMENT_MES_AV=6.354700000000005
ROUTE_PAYMENT_MES_AV_SUCC=5.136952894365294
ROUTE_PAYMENT_HOPS_AV=4.1635
ROUTE_PAYMENT_HOPS_AV_SUCC=4.0304197150558325
ROUTE_PAYMENT_SUCCESS_DIRECT=0.7791
ROUTE_PAYMENT_SUCCESS=0.7791
