ROUTE_PAYMENT_MES_AV=5.860799999999998
ROUTE_PAYMENT_MES_AV_SUCC=4.6769774162474596
ROUTE_PAYMENT_HOPS_AV=5.491500000000001
ROUTE_PAYMENT_HOPS_AV_SUCC=4.553676549288238
ROUTE_PAYMENT_SUCCESS_DIRECT=0.9343
ROUTE_PAYMENT_SUCCESS=0.9343
