ROUTE_PAYMENT_MES_AV=3.5117
ROUTE_PAYMENT_MES_AV_SUCC=3.7481666964764804
ROUTE_PAYMENT_HOPS_AV=19.36750000000001
ROUTE_PAYMENT_HOPS_AV_SUCC=26.938114827401172
ROUTE_PAYMENT_SUCCESS_DIRECT=0.5591
ROUTE_PAYMENT_SUCCESS=0.5591
