ROUTE_PAYMENT_MES_AV=5.781700000000001
ROUTE_PAYMENT_MES_AV_SUCC=4.7439298320676
ROUTE_PAYMENT_HOPS_AV=5.5003
ROUTE_PAYMENT_HOPS_AV_SUCC=4.636431703925553
ROUTE_PAYMENT_SUCCESS_DIRECT=0.9349
ROUTE_PAYMENT_SUCCESS=0.9349
