ROUTE_PAYMENT_MES_AV=7.228499999999999
ROUTE_PAYMENT_MES_AV_SUCC=6.386395286555974
ROUTE_PAYMENT_HOPS_AV=6.336400000000003
ROUTE_PAYMENT_HOPS_AV_SUCC=6.052276379217998
ROUTE_PAYMENT_SUCCESS_DIRECT=0.9335
ROUTE_PAYMENT_SUCCESS=0.9335
