ROUTE_PAYMENT_MES_AV=3.5494000000000003
ROUTE_PAYMENT_MES_AV_SUCC=3.6919682259488082
ROUTE_PAYMENT_HOPS_AV=18.244699999999998
ROUTE_PAYMENT_HOPS_AV_SUCC=24.89602824360106
ROUTE_PAYMENT_SUCCESS_DIRECT=0.5665
ROUTE_PAYMENT_SUCCESS=0.5665
