ROUTE_PAYMENT_MES_AV=6.396399999999997
ROUTE_PAYMENT_MES_AV_SUCC=4.8787919463087235
ROUTE_PAYMENT_HOPS_AV=4.201499999999998
ROUTE_PAYMENT_HOPS_AV_SUCC=3.989530201342282
ROUTE_PAYMENT_SUCCESS_DIRECT=0.745
ROUTE_PAYMENT_SUCCESS=0.745
