ROUTE_PAYMENT_MES_AV=3.6121999999999996
ROUTE_PAYMENT_MES_AV_SUCC=3.741221910112359
ROUTE_PAYMENT_HOPS_AV=18.215999999999998
ROUTE_PAYMENT_HOPS_AV_SUCC=24.762289325842683
ROUTE_PAYMENT_SUCCESS_DIRECT=0.5696
ROUTE_PAYMENT_SUCCESS=0.5696
