ROUTE_PAYMENT_MES_AV=6.1709000000000005
ROUTE_PAYMENT_MES_AV_SUCC=4.972794304602085
ROUTE_PAYMENT_HOPS_AV=4.105899999999997
ROUTE_PAYMENT_HOPS_AV_SUCC=3.972285786931096
ROUTE_PAYMENT_SUCCESS_DIRECT=0.7866
ROUTE_PAYMENT_SUCCESS=0.7866
