ROUTE_PAYMENT_MES_AV=5.8897999999999975
ROUTE_PAYMENT_MES_AV_SUCC=4.781722621473776
ROUTE_PAYMENT_HOPS_AV=5.534799999999998
ROUTE_PAYMENT_HOPS_AV_SUCC=4.649898101469484
ROUTE_PAYMENT_SUCCESS_DIRECT=0.9323
ROUTE_PAYMENT_SUCCESS=0.9323
