ROUTE_PAYMENT_MES_AV=5.760800000000001
ROUTE_PAYMENT_MES_AV_SUCC=5.225899823810724
ROUTE_PAYMENT_HOPS_AV=9.7508
ROUTE_PAYMENT_HOPS_AV_SUCC=10.677825320916183
ROUTE_PAYMENT_SUCCESS_DIRECT=0.7946
ROUTE_PAYMENT_SUCCESS=0.7946
