ROUTE_PAYMENT_MES_AV=5.263699999999999
ROUTE_PAYMENT_MES_AV_SUCC=4.448849945235487
ROUTE_PAYMENT_HOPS_AV=5.163399999999999
ROUTE_PAYMENT_HOPS_AV_SUCC=4.430449069003286
ROUTE_PAYMENT_SUCCESS_DIRECT=0.913
ROUTE_PAYMENT_SUCCESS=0.913
