ROUTE_PAYMENT_MES_AV=4.026809999999999	4.0282	3.9787	4.089299999999999	8.221138999999912E-4	9.85297099999952E-4	7.133251000000176E-4	4.014243710256722	4.039376289743276
ROUTE_PAYMENT_MES_AV_SUCC=3.70450323711077	3.7074007220216605	3.645133053221289	3.757623279316954	9.430953071534055E-4	8.833660094475657E-4	0.0010028246048592458	3.691044048925815	3.717962425295725
ROUTE_PAYMENT_HOPS_AV=3.2130099999999997	3.2143	3.1669	3.2492999999999994	4.732918999999998E-4	6.730590999999905E-4	3.4011376666667254E-4	3.2034753312510604	3.222544668748939
ROUTE_PAYMENT_HOPS_AV_SUCC=3.648503987767037	3.654693140794224	3.5866596638655466	3.700993204391009	0.0010141092597352682	0.0010116863730245647	0.001016532146445972	3.6345472651356325	3.6624607103984412
ROUTE_PAYMENT_SUCCESS_DIRECT=0.562535	0.5634	0.5472	0.5857	9.266027500000001E-5	8.797792500000011E-5	9.734262499999996E-5	0.5583162104079488	0.5667537895920512
ROUTE_PAYMENT_SUCCESS=0.562535	0.5634	0.5472	0.5857	9.266027500000001E-5	8.797792500000011E-5	9.734262499999996E-5	0.5583162104079488	0.5667537895920512
