ROUTE_PAYMENT_MES_AV=6.371700000000001
ROUTE_PAYMENT_MES_AV_SUCC=5.335536159600996
ROUTE_PAYMENT_HOPS_AV=17.101700000000008
ROUTE_PAYMENT_HOPS_AV_SUCC=16.532044887780543
ROUTE_PAYMENT_SUCCESS_DIRECT=0.802
ROUTE_PAYMENT_SUCCESS=0.802
