ROUTE_PAYMENT_MES_AV=4.967999999999997
ROUTE_PAYMENT_MES_AV_SUCC=4.47491235758107
ROUTE_PAYMENT_HOPS_AV=4.903999999999997
ROUTE_PAYMENT_HOPS_AV_SUCC=4.4721735319894815
ROUTE_PAYMENT_SUCCESS_DIRECT=0.9128
ROUTE_PAYMENT_SUCCESS=0.9128
