ROUTE_PAYMENT_MES_AV=5.898299999999997
ROUTE_PAYMENT_MES_AV_SUCC=4.761147855771284
ROUTE_PAYMENT_HOPS_AV=5.5839
ROUTE_PAYMENT_HOPS_AV_SUCC=4.639321527629614
ROUTE_PAYMENT_SUCCESS_DIRECT=0.9374
ROUTE_PAYMENT_SUCCESS=0.9374
