ROUTE_PAYMENT_MES_AV=7.764299999999998
ROUTE_PAYMENT_MES_AV_SUCC=6.272071872227154
ROUTE_PAYMENT_HOPS_AV=4.6536000000000035
ROUTE_PAYMENT_HOPS_AV_SUCC=4.3190993788819885
ROUTE_PAYMENT_SUCCESS_DIRECT=0.9016
ROUTE_PAYMENT_SUCCESS=0.9016
