ROUTE_PAYMENT_MES_AV=3.7759000000000005
ROUTE_PAYMENT_MES_AV_SUCC=3.8011596180081852
ROUTE_PAYMENT_HOPS_AV=17.2744
ROUTE_PAYMENT_HOPS_AV_SUCC=23.016541609822642
ROUTE_PAYMENT_SUCCESS_DIRECT=0.5864
ROUTE_PAYMENT_SUCCESS=0.5864
