ROUTE_PAYMENT_MES_AV=7.758600000000002
ROUTE_PAYMENT_MES_AV_SUCC=6.503761894224384
ROUTE_PAYMENT_HOPS_AV=9.720699999999999
ROUTE_PAYMENT_HOPS_AV_SUCC=9.074684664748839
ROUTE_PAYMENT_SUCCESS_DIRECT=0.9038
ROUTE_PAYMENT_SUCCESS=0.9038
