ROUTE_PAYMENT_MES_AV=5.913100000000003
ROUTE_PAYMENT_MES_AV_SUCC=4.764294174652742
ROUTE_PAYMENT_HOPS_AV=9.929799999999997
ROUTE_PAYMENT_HOPS_AV_SUCC=8.129212878216865
ROUTE_PAYMENT_SUCCESS_DIRECT=0.9287
ROUTE_PAYMENT_SUCCESS=0.9287
