ROUTE_PAYMENT_MES_AV=6.7958
ROUTE_PAYMENT_MES_AV_SUCC=5.505462234230005
ROUTE_PAYMENT_HOPS_AV=4.290199999999999
ROUTE_PAYMENT_HOPS_AV_SUCC=4.034652883824739
ROUTE_PAYMENT_SUCCESS_DIRECT=0.8513
ROUTE_PAYMENT_SUCCESS=0.8513
