ROUTE_PAYMENT_MES_AV=5.359
ROUTE_PAYMENT_MES_AV_SUCC=4.630491518051327
ROUTE_PAYMENT_HOPS_AV=13.38580000000001
ROUTE_PAYMENT_HOPS_AV_SUCC=11.552849064810786
ROUTE_PAYMENT_SUCCESS_DIRECT=0.9196
ROUTE_PAYMENT_SUCCESS=0.9196
