ROUTE_PAYMENT_MES_AV=11.25	11.25	11.25	11.25	0.0	0.0	0.0	11.25	11.25
ROUTE_PAYMENT_MES_AV_SUCC=9.0	9.0	9.0	9.0	0.0	0.0	0.0	9.0	9.0
ROUTE_PAYMENT_HOPS_AV=11.25	11.25	11.25	11.25	0.0	0.0	0.0	11.25	11.25
ROUTE_PAYMENT_HOPS_AV_SUCC=9.0	9.0	9.0	9.0	0.0	0.0	0.0	9.0	9.0
ROUTE_PAYMENT_SUCCESS_DIRECT=0.25	0.25	0.25	0.25	0.0	0.0	0.0	0.25	0.25
ROUTE_PAYMENT_SUCCESS=1.25	1.25	1.25	1.25	0.0	0.0	0.0	1.25	1.25
ROUTE_PAYMENT_FEE_AV=0.500005	0.500005	0.500005	0.500005	0.0	0.0	0.0	0.500005	0.500005
ROUTE_PAYMENT_FEE_MED=1.00001	1.00001	1.00001	1.00001	0.0	0.0	0.0	1.00001	1.00001
ROUTE_PAYMENT_FEE_Q1=0.0	0.0	0.0	0.0	0.0	0.0	0.0	0.0	0.0
ROUTE_PAYMENT_FEE_Q3=1.00001	1.00001	1.00001	1.00001	0.0	0.0	0.0	1.00001	1.00001
