ROUTE_PAYMENT_MES_AV=5.163299999999999
ROUTE_PAYMENT_MES_AV_SUCC=4.5196555077094045
ROUTE_PAYMENT_HOPS_AV=3.7424999999999997
ROUTE_PAYMENT_HOPS_AV_SUCC=3.8805389637449643
ROUTE_PAYMENT_SUCCESS_DIRECT=0.7199
ROUTE_PAYMENT_SUCCESS=0.7199
