ROUTE_PAYMENT_MES_AV=5.667800000000003
ROUTE_PAYMENT_MES_AV_SUCC=4.660201457351049
ROUTE_PAYMENT_HOPS_AV=5.402599999999996
ROUTE_PAYMENT_HOPS_AV_SUCC=4.575653664809258
ROUTE_PAYMENT_SUCCESS_DIRECT=0.9332
ROUTE_PAYMENT_SUCCESS=0.9332
