ROUTE_PAYMENT_MES_AV=6.1168
ROUTE_PAYMENT_MES_AV_SUCC=4.92604951560818
ROUTE_PAYMENT_HOPS_AV=5.8035000000000005
ROUTE_PAYMENT_HOPS_AV_SUCC=4.8088266953713665
ROUTE_PAYMENT_SUCCESS_DIRECT=0.929
ROUTE_PAYMENT_SUCCESS=0.929
