ROUTE_PAYMENT_MES_AV=4.0143
ROUTE_PAYMENT_MES_AV_SUCC=3.6728767123287667
ROUTE_PAYMENT_HOPS_AV=3.1752
ROUTE_PAYMENT_HOPS_AV_SUCC=3.6151598173515977
ROUTE_PAYMENT_SUCCESS_DIRECT=0.5475
ROUTE_PAYMENT_SUCCESS=0.5475
