ROUTE_PAYMENT_MES_AV=5.709699999999998
ROUTE_PAYMENT_MES_AV_SUCC=4.762589928057551
ROUTE_PAYMENT_HOPS_AV=8.048
ROUTE_PAYMENT_HOPS_AV_SUCC=6.666058198217543
ROUTE_PAYMENT_SUCCESS_DIRECT=0.9313
ROUTE_PAYMENT_SUCCESS=0.9313
