ROUTE_PAYMENT_MES_AV=5.771499999999998
ROUTE_PAYMENT_MES_AV_SUCC=4.603775667917863
ROUTE_PAYMENT_HOPS_AV=37.30500000000001
ROUTE_PAYMENT_HOPS_AV_SUCC=29.44789136674764
ROUTE_PAYMENT_SUCCESS_DIRECT=0.9058
ROUTE_PAYMENT_SUCCESS=0.9058
