ROUTE_PAYMENT_MES_AV=5.851700000000003
ROUTE_PAYMENT_MES_AV_SUCC=5.223940149625933
ROUTE_PAYMENT_HOPS_AV=9.235400000000002
ROUTE_PAYMENT_HOPS_AV_SUCC=9.978678304239395
ROUTE_PAYMENT_SUCCESS_DIRECT=0.802
ROUTE_PAYMENT_SUCCESS=0.802
