ROUTE_PAYMENT_MES_AV=5.090900000000004
ROUTE_PAYMENT_MES_AV_SUCC=4.497374179431073
ROUTE_PAYMENT_HOPS_AV=26.584300000000006
ROUTE_PAYMENT_HOPS_AV_SUCC=23.291137855579873
ROUTE_PAYMENT_SUCCESS_DIRECT=0.914
ROUTE_PAYMENT_SUCCESS=0.914
