ROUTE_PAYMENT_MES_AV=3.8402
ROUTE_PAYMENT_MES_AV_SUCC=3.840725474031328
ROUTE_PAYMENT_HOPS_AV=16.777
ROUTE_PAYMENT_HOPS_AV_SUCC=22.13981863149217
ROUTE_PAYMENT_SUCCESS_DIRECT=0.6065
ROUTE_PAYMENT_SUCCESS=0.6065
