ROUTE_PAYMENT_MES_AV=5.731500000000001
ROUTE_PAYMENT_MES_AV_SUCC=5.102997409645986
ROUTE_PAYMENT_HOPS_AV=9.3061
ROUTE_PAYMENT_HOPS_AV_SUCC=9.919822375724685
ROUTE_PAYMENT_SUCCESS_DIRECT=0.8107
ROUTE_PAYMENT_SUCCESS=0.8107
