ROUTE_PAYMENT_MES_AV=5.308300000000001
ROUTE_PAYMENT_MES_AV_SUCC=4.580383241312113
ROUTE_PAYMENT_HOPS_AV=12.621599999999995
ROUTE_PAYMENT_HOPS_AV_SUCC=10.736602793114645
ROUTE_PAYMENT_SUCCESS_DIRECT=0.9237
ROUTE_PAYMENT_SUCCESS=0.9237
