ROUTE_PAYMENT_MES_AV=5.4376000000000015
ROUTE_PAYMENT_MES_AV_SUCC=4.644106965995379
ROUTE_PAYMENT_HOPS_AV=5.262699999999999
ROUTE_PAYMENT_HOPS_AV_SUCC=4.5773082425442935
ROUTE_PAYMENT_SUCCESS_DIRECT=0.9087
ROUTE_PAYMENT_SUCCESS=0.9087
