ROUTE_PAYMENT_MES_AV=5.685500000000003
ROUTE_PAYMENT_MES_AV_SUCC=4.819506966773847
ROUTE_PAYMENT_HOPS_AV=5.4716000000000005
ROUTE_PAYMENT_HOPS_AV_SUCC=4.717684887459808
ROUTE_PAYMENT_SUCCESS_DIRECT=0.933
ROUTE_PAYMENT_SUCCESS=0.933
