ROUTE_PAYMENT_MES_AV=5.145499999999999
ROUTE_PAYMENT_MES_AV_SUCC=4.525244747552524
ROUTE_PAYMENT_HOPS_AV=5.091999999999999
ROUTE_PAYMENT_HOPS_AV_SUCC=4.525244747552524
ROUTE_PAYMENT_SUCCESS_DIRECT=0.9091
ROUTE_PAYMENT_SUCCESS=0.9091
