ROUTE_PAYMENT_MES_AV=7.223399999999998
ROUTE_PAYMENT_MES_AV_SUCC=6.353558295479126
ROUTE_PAYMENT_HOPS_AV=4.5471
ROUTE_PAYMENT_HOPS_AV_SUCC=4.331602855288772
ROUTE_PAYMENT_SUCCESS_DIRECT=0.9246
ROUTE_PAYMENT_SUCCESS=0.9246
