ROUTE_PAYMENT_MES_AV=2.066666666666667
ROUTE_PAYMENT_MES_AV_SUCC=2.142857142857143
ROUTE_PAYMENT_HOPS_AV=2.066666666666667
ROUTE_PAYMENT_HOPS_AV_SUCC=2.142857142857143
ROUTE_PAYMENT_SUCCESS_DIRECT=0.9333333333333333
ROUTE_PAYMENT_SUCCESS=0.9333333333333333
