ROUTE_PAYMENT_MES_AV=6.816400000000001
ROUTE_PAYMENT_MES_AV_SUCC=5.899873548683757
ROUTE_PAYMENT_HOPS_AV=4.4109
ROUTE_PAYMENT_HOPS_AV_SUCC=4.247959535578802
ROUTE_PAYMENT_SUCCESS_DIRECT=0.8699
ROUTE_PAYMENT_SUCCESS=0.8699
