ROUTE_PAYMENT_MES_AV=5.315800000000004
ROUTE_PAYMENT_MES_AV_SUCC=4.61745911404744
ROUTE_PAYMENT_HOPS_AV=14.476100000000008
ROUTE_PAYMENT_HOPS_AV_SUCC=12.377991985270222
ROUTE_PAYMENT_SUCCESS_DIRECT=0.9233
ROUTE_PAYMENT_SUCCESS=0.9233
