ROUTE_PAYMENT_MES_AV=5.1398
ROUTE_PAYMENT_MES_AV_SUCC=4.5446507515473025
ROUTE_PAYMENT_HOPS_AV=30.992999999999984
ROUTE_PAYMENT_HOPS_AV_SUCC=27.163240495137035
ROUTE_PAYMENT_SUCCESS_DIRECT=0.9048
ROUTE_PAYMENT_SUCCESS=0.9048
