ROUTE_PAYMENT_MES_AV=5.8508000000000004
ROUTE_PAYMENT_MES_AV_SUCC=4.771860688039196
ROUTE_PAYMENT_HOPS_AV=5.524299999999999
ROUTE_PAYMENT_HOPS_AV_SUCC=4.638087123229311
ROUTE_PAYMENT_SUCCESS_DIRECT=0.9389
ROUTE_PAYMENT_SUCCESS=0.9389
