ROUTE_PAYMENT_MES_AV=5.9674
ROUTE_PAYMENT_MES_AV_SUCC=4.699956672443676
ROUTE_PAYMENT_HOPS_AV=5.648799999999997
ROUTE_PAYMENT_HOPS_AV_SUCC=4.606369150779896
ROUTE_PAYMENT_SUCCESS_DIRECT=0.9232
ROUTE_PAYMENT_SUCCESS=0.9232
