ROUTE_PAYMENT_MES_AV=11.580000000000002
ROUTE_PAYMENT_MES_AV_SUCC=12.279069767441861
ROUTE_PAYMENT_HOPS_AV=2.55
ROUTE_PAYMENT_HOPS_AV_SUCC=2.930232558139535
ROUTE_PAYMENT_SUCCESS_DIRECT=0.43
ROUTE_PAYMENT_SUCCESS=0.43
ROUTE_PAYMENT_FEE_AV=1.719728001685119
ROUTE_PAYMENT_FEE_MED=2.277873459396461
ROUTE_PAYMENT_FEE_Q1=0.8233809633541904
ROUTE_PAYMENT_FEE_Q3=4.589077749825062
