ROUTE_PAYMENT_MES_AV=11.170000000000002
ROUTE_PAYMENT_MES_AV_SUCC=14.046153846153844
ROUTE_PAYMENT_HOPS_AV=2.6499999999999995
ROUTE_PAYMENT_HOPS_AV_SUCC=3.0461538461538464
ROUTE_PAYMENT_SUCCESS_DIRECT=0.65
ROUTE_PAYMENT_SUCCESS=0.65
ROUTE_PAYMENT_FEE_AV=2.004006536485168
ROUTE_PAYMENT_FEE_MED=2.004006536485168
ROUTE_PAYMENT_FEE_Q1=2.004006536485168
ROUTE_PAYMENT_FEE_Q3=2.004006536485168
