ROUTE_PAYMENT_MES_AV=5.178900000000002
ROUTE_PAYMENT_MES_AV_SUCC=4.5249889429455985
ROUTE_PAYMENT_HOPS_AV=28.815500000000025
ROUTE_PAYMENT_HOPS_AV_SUCC=24.6639761167625
ROUTE_PAYMENT_SUCCESS_DIRECT=0.9044
ROUTE_PAYMENT_SUCCESS=0.9044
