ROUTE_PAYMENT_MES_AV=5.640599999999998
ROUTE_PAYMENT_MES_AV_SUCC=5.046179572935427
ROUTE_PAYMENT_HOPS_AV=10.1966
ROUTE_PAYMENT_HOPS_AV_SUCC=11.2330846411114
ROUTE_PAYMENT_SUCCESS_DIRECT=0.7774
ROUTE_PAYMENT_SUCCESS=0.7774
