ROUTE_PAYMENT_MES_AV=6.7436250000000015	6.751799999999997	6.411000000000001	7.201199999999998	0.04651412887499999	0.0358287251250003	0.05719953262499968	6.6491028656911	6.838147134308903
ROUTE_PAYMENT_MES_AV_SUCC=5.407453399528607	5.417796401281736	5.195959595959596	5.617756315007427	0.012183548195421497	0.012342519227876913	0.012024577162966076	5.359077621112373	5.455829177944841
ROUTE_PAYMENT_HOPS_AV=4.296275000000001	4.292499999999998	4.141099999999998	4.471900000000001	0.00770873387500005	0.005714664261363822	0.010145930069444333	4.257795218260625	4.3347547817393774
ROUTE_PAYMENT_HOPS_AV_SUCC=4.104585088631984	4.10647307924985	4.022601010101011	4.17211490837048	0.0015571722647961766	0.001597077925265514	0.0015172666043268392	4.087290533170162	4.121879644093806
ROUTE_PAYMENT_SUCCESS_DIRECT=0.802375	0.8031	0.7789	0.8287	1.9049487499999966E-4	2.1372395833333134E-4	1.7148926136363742E-4	0.7963260120193539	0.808423987980646
ROUTE_PAYMENT_SUCCESS=0.802375	0.8031	0.7789	0.8287	1.9049487499999966E-4	2.1372395833333134E-4	1.7148926136363742E-4	0.7963260120193539	0.808423987980646
