ROUTE_PAYMENT_MES_AV=6.1209000000000024
ROUTE_PAYMENT_MES_AV_SUCC=4.878709398942486
ROUTE_PAYMENT_HOPS_AV=5.7789
ROUTE_PAYMENT_HOPS_AV_SUCC=4.754181504262437
ROUTE_PAYMENT_SUCCESS_DIRECT=0.9267
ROUTE_PAYMENT_SUCCESS=0.9267
