ROUTE_PAYMENT_MES_AV=5.769699999999999
ROUTE_PAYMENT_MES_AV_SUCC=4.627823240589199
ROUTE_PAYMENT_HOPS_AV=31.876099999999994
ROUTE_PAYMENT_HOPS_AV_SUCC=25.552536824877258
ROUTE_PAYMENT_SUCCESS_DIRECT=0.9165
ROUTE_PAYMENT_SUCCESS=0.9165
