ROUTE_PAYMENT_MES_AV=8.112199999999998
ROUTE_PAYMENT_MES_AV_SUCC=6.609748259239424
ROUTE_PAYMENT_HOPS_AV=4.789499999999999
ROUTE_PAYMENT_HOPS_AV_SUCC=4.373647562935189
ROUTE_PAYMENT_SUCCESS_DIRECT=0.9335
ROUTE_PAYMENT_SUCCESS=0.9335
