ROUTE_PAYMENT_MES_AV=5.5695999999999986
ROUTE_PAYMENT_MES_AV_SUCC=4.868839634941327
ROUTE_PAYMENT_HOPS_AV=3.904699999999999
ROUTE_PAYMENT_HOPS_AV_SUCC=3.9503259452411985
ROUTE_PAYMENT_SUCCESS_DIRECT=0.767
ROUTE_PAYMENT_SUCCESS=0.767
