ROUTE_PAYMENT_MES_AV=6.024400000000001
ROUTE_PAYMENT_MES_AV_SUCC=5.261207629692627
ROUTE_PAYMENT_HOPS_AV=4.0886
ROUTE_PAYMENT_HOPS_AV_SUCC=4.05199854209695
ROUTE_PAYMENT_SUCCESS_DIRECT=0.8231
ROUTE_PAYMENT_SUCCESS=0.8231
