ROUTE_PAYMENT_MES_AV=5.988099999999998
ROUTE_PAYMENT_MES_AV_SUCC=4.810346678115273
ROUTE_PAYMENT_HOPS_AV=5.6593
ROUTE_PAYMENT_HOPS_AV_SUCC=4.686057743908986
ROUTE_PAYMENT_SUCCESS_DIRECT=0.9317
ROUTE_PAYMENT_SUCCESS=0.9317
