ROUTE_PAYMENT_MES_AV=7.291899999999997
ROUTE_PAYMENT_MES_AV_SUCC=6.4624390243902425
ROUTE_PAYMENT_HOPS_AV=6.334099999999999
ROUTE_PAYMENT_HOPS_AV_SUCC=6.126612466124662
ROUTE_PAYMENT_SUCCESS_DIRECT=0.9225
ROUTE_PAYMENT_SUCCESS=0.9225
