ROUTE_PAYMENT_MES_AV=7.3271999999999995
ROUTE_PAYMENT_MES_AV_SUCC=6.218014215904043
ROUTE_PAYMENT_HOPS_AV=8.846799999999993
ROUTE_PAYMENT_HOPS_AV_SUCC=8.397156819191471
ROUTE_PAYMENT_SUCCESS_DIRECT=0.9004
ROUTE_PAYMENT_SUCCESS=0.9004
