ROUTE_PAYMENT_MES_AV=5.211399999999997
ROUTE_PAYMENT_MES_AV_SUCC=4.616677581314121
ROUTE_PAYMENT_HOPS_AV=5.117099999999997
ROUTE_PAYMENT_HOPS_AV_SUCC=4.6016153678236185
ROUTE_PAYMENT_SUCCESS_DIRECT=0.9162
ROUTE_PAYMENT_SUCCESS=0.9162
