ROUTE_PAYMENT_MES_AV=6.526399999999998
ROUTE_PAYMENT_MES_AV_SUCC=5.218104338842974
ROUTE_PAYMENT_HOPS_AV=21.078999999999994
ROUTE_PAYMENT_HOPS_AV_SUCC=19.634297520661153
ROUTE_PAYMENT_SUCCESS_DIRECT=0.7744
ROUTE_PAYMENT_SUCCESS=0.7744
