ROUTE_PAYMENT_MES_AV=5.4171999999999985
ROUTE_PAYMENT_MES_AV_SUCC=4.596546141392338
ROUTE_PAYMENT_HOPS_AV=5.277200000000003
ROUTE_PAYMENT_HOPS_AV_SUCC=4.556071235833786
ROUTE_PAYMENT_SUCCESS_DIRECT=0.9265
ROUTE_PAYMENT_SUCCESS=0.9265
