ROUTE_PAYMENT_MES_AV=3.6534000000000004
ROUTE_PAYMENT_MES_AV_SUCC=3.8008583690987128
ROUTE_PAYMENT_HOPS_AV=18.021100000000004
ROUTE_PAYMENT_HOPS_AV_SUCC=24.503519313304736
ROUTE_PAYMENT_SUCCESS_DIRECT=0.5825
ROUTE_PAYMENT_SUCCESS=0.5825
