ROUTE_PAYMENT_MES_AV=6.174300000000005
ROUTE_PAYMENT_MES_AV_SUCC=5.0530215919253845
ROUTE_PAYMENT_HOPS_AV=21.059500000000003
ROUTE_PAYMENT_HOPS_AV_SUCC=20.132234572633184
ROUTE_PAYMENT_SUCCESS_DIRECT=0.7827
ROUTE_PAYMENT_SUCCESS=0.7827
