ROUTE_PAYMENT_MES_AV=5.913699999999998
ROUTE_PAYMENT_MES_AV_SUCC=4.562198923207707
ROUTE_PAYMENT_HOPS_AV=28.506100000000004
ROUTE_PAYMENT_HOPS_AV_SUCC=27.319495607820905
ROUTE_PAYMENT_SUCCESS_DIRECT=0.7058
ROUTE_PAYMENT_SUCCESS=0.7058
