ROUTE_PAYMENT_MES_AV=5.124200000000002
ROUTE_PAYMENT_MES_AV_SUCC=4.558136986301368
ROUTE_PAYMENT_HOPS_AV=29.387700000000002
ROUTE_PAYMENT_HOPS_AV_SUCC=25.94794520547945
ROUTE_PAYMENT_SUCCESS_DIRECT=0.9125
ROUTE_PAYMENT_SUCCESS=0.9125
