ROUTE_PAYMENT_MES_AV=5.776600000000002
ROUTE_PAYMENT_MES_AV_SUCC=4.810775722168126
ROUTE_PAYMENT_HOPS_AV=5.5032000000000005
ROUTE_PAYMENT_HOPS_AV_SUCC=4.715027588445307
ROUTE_PAYMENT_SUCCESS_DIRECT=0.9243
ROUTE_PAYMENT_SUCCESS=0.9243
