ROUTE_PAYMENT_MES_AV=5.168799999999998
ROUTE_PAYMENT_MES_AV_SUCC=4.6170659013136115
ROUTE_PAYMENT_HOPS_AV=37.262999999999955
ROUTE_PAYMENT_HOPS_AV_SUCC=32.73451815873717
ROUTE_PAYMENT_SUCCESS_DIRECT=0.9059
ROUTE_PAYMENT_SUCCESS=0.9059
