ROUTE_PAYMENT_MES_AV=8.4392
ROUTE_PAYMENT_MES_AV_SUCC=6.68130557362828
ROUTE_PAYMENT_HOPS_AV=4.934700000000002
ROUTE_PAYMENT_HOPS_AV_SUCC=4.412058121882453
ROUTE_PAYMENT_SUCCESS_DIRECT=0.9222
ROUTE_PAYMENT_SUCCESS=0.9222
