ROUTE_PAYMENT_MES_AV=7.921
ROUTE_PAYMENT_MES_AV_SUCC=6.803671866709115
ROUTE_PAYMENT_HOPS_AV=4.765500000000002
ROUTE_PAYMENT_HOPS_AV_SUCC=4.458877215324207
ROUTE_PAYMENT_SUCCESS_DIRECT=0.9423
ROUTE_PAYMENT_SUCCESS=0.9423
