ROUTE_PAYMENT_MES_AV=4.972199999999999
ROUTE_PAYMENT_MES_AV_SUCC=4.410907896177855
ROUTE_PAYMENT_HOPS_AV=32.60289999999999
ROUTE_PAYMENT_HOPS_AV_SUCC=28.527762567079144
ROUTE_PAYMENT_SUCCESS_DIRECT=0.9131
ROUTE_PAYMENT_SUCCESS=0.9131
