ROUTE_PAYMENT_MES_AV=4.0729000000000015
ROUTE_PAYMENT_MES_AV_SUCC=3.7436456063907046
ROUTE_PAYMENT_HOPS_AV=3.2274
ROUTE_PAYMENT_HOPS_AV_SUCC=3.694081336238198
ROUTE_PAYMENT_SUCCESS_DIRECT=0.5508
ROUTE_PAYMENT_SUCCESS=0.5508
