ROUTE_PAYMENT_MES_AV=6.018500000000002
ROUTE_PAYMENT_MES_AV_SUCC=4.827168435724241
ROUTE_PAYMENT_HOPS_AV=5.6896999999999975
ROUTE_PAYMENT_HOPS_AV_SUCC=4.68446445802509
ROUTE_PAYMENT_SUCCESS_DIRECT=0.9327
ROUTE_PAYMENT_SUCCESS=0.9327
