ROUTE_PAYMENT_MES_AV=5.491600000000001
ROUTE_PAYMENT_MES_AV_SUCC=4.590108326950432
ROUTE_PAYMENT_HOPS_AV=5.3333999999999975
ROUTE_PAYMENT_HOPS_AV_SUCC=4.54535507167086
ROUTE_PAYMENT_SUCCESS_DIRECT=0.9139
ROUTE_PAYMENT_SUCCESS=0.9139
