ROUTE_PAYMENT_MES_AV=5.936699999999998
ROUTE_PAYMENT_MES_AV_SUCC=4.59609673313534
ROUTE_PAYMENT_HOPS_AV=30.2965
ROUTE_PAYMENT_HOPS_AV_SUCC=29.481968604157835
ROUTE_PAYMENT_SUCCESS_DIRECT=0.7071
ROUTE_PAYMENT_SUCCESS=0.7071
