ROUTE_PAYMENT_MES_AV=9.390599999999996
ROUTE_PAYMENT_MES_AV_SUCC=7.047333608929308
ROUTE_PAYMENT_HOPS_AV=5.115599999999998
ROUTE_PAYMENT_HOPS_AV_SUCC=4.474266225713105
ROUTE_PAYMENT_SUCCESS_DIRECT=0.9676
ROUTE_PAYMENT_SUCCESS=0.9676
