ROUTE_PAYMENT_MES_AV=5.999
ROUTE_PAYMENT_MES_AV_SUCC=4.8494175483595185
ROUTE_PAYMENT_HOPS_AV=5.636499999999999
ROUTE_PAYMENT_HOPS_AV_SUCC=4.697552634391367
ROUTE_PAYMENT_SUCCESS_DIRECT=0.9357
ROUTE_PAYMENT_SUCCESS=0.9357
