ROUTE_PAYMENT_MES_AV=9.262499999999998
ROUTE_PAYMENT_MES_AV_SUCC=7.077992994024315
ROUTE_PAYMENT_HOPS_AV=5.109899999999999
ROUTE_PAYMENT_HOPS_AV_SUCC=4.490109210797446
ROUTE_PAYMENT_SUCCESS_DIRECT=0.9706
ROUTE_PAYMENT_SUCCESS=0.9706
