ROUTE_PAYMENT_MES_AV=4.5863000000000005
ROUTE_PAYMENT_MES_AV_SUCC=4.290205210304179
ROUTE_PAYMENT_HOPS_AV=12.646400000000002
ROUTE_PAYMENT_HOPS_AV_SUCC=15.180323097074666
ROUTE_PAYMENT_SUCCESS_DIRECT=0.6871
ROUTE_PAYMENT_SUCCESS=0.6871
