ROUTE_PAYMENT_MES_AV=5.445499999999999
ROUTE_PAYMENT_MES_AV_SUCC=4.904567592470713
ROUTE_PAYMENT_HOPS_AV=11.000300000000001
ROUTE_PAYMENT_HOPS_AV_SUCC=12.469132552323284
ROUTE_PAYMENT_SUCCESS_DIRECT=0.7597
ROUTE_PAYMENT_SUCCESS=0.7597
