ROUTE_PAYMENT_MES_AV=5.466000000000001
ROUTE_PAYMENT_MES_AV_SUCC=4.551024834616635
ROUTE_PAYMENT_HOPS_AV=5.2997000000000005
ROUTE_PAYMENT_HOPS_AV_SUCC=4.49962043162347
ROUTE_PAYMENT_SUCCESS_DIRECT=0.9221
ROUTE_PAYMENT_SUCCESS=0.9221
