ROUTE_PAYMENT_MES_AV=5.265000000000001
ROUTE_PAYMENT_MES_AV_SUCC=4.5550539528738145
ROUTE_PAYMENT_HOPS_AV=34.598500000000016
ROUTE_PAYMENT_HOPS_AV_SUCC=29.458489319533143
ROUTE_PAYMENT_SUCCESS_DIRECT=0.9082
ROUTE_PAYMENT_SUCCESS=0.9082
