ROUTE_PAYMENT_MES_AV=6.326599999999997
ROUTE_PAYMENT_MES_AV_SUCC=4.945303050665232
ROUTE_PAYMENT_HOPS_AV=4.1308
ROUTE_PAYMENT_HOPS_AV_SUCC=4.0276844510146494
ROUTE_PAYMENT_SUCCESS_DIRECT=0.7441
ROUTE_PAYMENT_SUCCESS=0.7441
