ROUTE_PAYMENT_MES_AV=5.675600000000001
ROUTE_PAYMENT_MES_AV_SUCC=4.703375162267416
ROUTE_PAYMENT_HOPS_AV=36.7898
ROUTE_PAYMENT_HOPS_AV_SUCC=30.357312851579398
ROUTE_PAYMENT_SUCCESS_DIRECT=0.9244
ROUTE_PAYMENT_SUCCESS=0.9244
