ROUTE_PAYMENT_MES_AV=5.9625
ROUTE_PAYMENT_MES_AV_SUCC=4.79669740510401
ROUTE_PAYMENT_HOPS_AV=5.620600000000003
ROUTE_PAYMENT_HOPS_AV_SUCC=4.66802487668883
ROUTE_PAYMENT_SUCCESS_DIRECT=0.9326
ROUTE_PAYMENT_SUCCESS=0.9326
