ROUTE_PAYMENT_MES_AV=3.6211
ROUTE_PAYMENT_MES_AV_SUCC=3.757209462959766
ROUTE_PAYMENT_HOPS_AV=18.163599999999988
ROUTE_PAYMENT_HOPS_AV_SUCC=24.732861336556724
ROUTE_PAYMENT_SUCCESS_DIRECT=0.5791
ROUTE_PAYMENT_SUCCESS=0.5791
