ROUTE_PAYMENT_MES_AV=9.817499999999995
ROUTE_PAYMENT_MES_AV_SUCC=7.154754505904284
ROUTE_PAYMENT_HOPS_AV=5.232899999999999
ROUTE_PAYMENT_HOPS_AV_SUCC=4.555417443546714
ROUTE_PAYMENT_SUCCESS_DIRECT=0.9654
ROUTE_PAYMENT_SUCCESS=0.9654
