ROUTE_PAYMENT_MES_AV=9.2346
ROUTE_PAYMENT_MES_AV_SUCC=7.1959897172236476
ROUTE_PAYMENT_HOPS_AV=5.0676999999999985
ROUTE_PAYMENT_HOPS_AV_SUCC=4.542107969151671
ROUTE_PAYMENT_SUCCESS_DIRECT=0.9725
ROUTE_PAYMENT_SUCCESS=0.9725
