ROUTE_PAYMENT_MES_AV=5.284699999999996
ROUTE_PAYMENT_MES_AV_SUCC=4.555949872463127
ROUTE_PAYMENT_HOPS_AV=5.228099999999999
ROUTE_PAYMENT_HOPS_AV_SUCC=4.555838970832873
ROUTE_PAYMENT_SUCCESS_DIRECT=0.9017
ROUTE_PAYMENT_SUCCESS=0.9017
