ROUTE_PAYMENT_MES_AV=5.7938000000000045
ROUTE_PAYMENT_MES_AV_SUCC=4.701930417711856
ROUTE_PAYMENT_HOPS_AV=44.428899999999985
ROUTE_PAYMENT_HOPS_AV_SUCC=35.628639982549906
ROUTE_PAYMENT_SUCCESS_DIRECT=0.9169
ROUTE_PAYMENT_SUCCESS=0.9169
