ROUTE_PAYMENT_MES_AV=5.8407000000000036
ROUTE_PAYMENT_MES_AV_SUCC=4.7432905484247385
ROUTE_PAYMENT_HOPS_AV=9.0847
ROUTE_PAYMENT_HOPS_AV_SUCC=7.368728121353559
ROUTE_PAYMENT_SUCCESS_DIRECT=0.9427
ROUTE_PAYMENT_SUCCESS=0.9427
