ROUTE_PAYMENT_MES_AV=7.4521999999999995
ROUTE_PAYMENT_MES_AV_SUCC=6.152027809965236
ROUTE_PAYMENT_HOPS_AV=4.552399999999999
ROUTE_PAYMENT_HOPS_AV_SUCC=4.294090382387022
ROUTE_PAYMENT_SUCCESS_DIRECT=0.863
ROUTE_PAYMENT_SUCCESS=0.863
