ROUTE_PAYMENT_MES_AV=8.824400000000004
ROUTE_PAYMENT_MES_AV_SUCC=7.070290823142534
ROUTE_PAYMENT_HOPS_AV=4.913099999999998
ROUTE_PAYMENT_HOPS_AV_SUCC=4.486178193402528
ROUTE_PAYMENT_SUCCESS_DIRECT=0.9731
ROUTE_PAYMENT_SUCCESS=0.9731
