ROUTE_PAYMENT_MES_AV=6.0155
ROUTE_PAYMENT_MES_AV_SUCC=4.755475960876153
ROUTE_PAYMENT_HOPS_AV=25.80389999999999
ROUTE_PAYMENT_HOPS_AV_SUCC=25.008678881388615
ROUTE_PAYMENT_SUCCESS_DIRECT=0.7259
ROUTE_PAYMENT_SUCCESS=0.7259
