ROUTE_PAYMENT_MES_AV=5.171799999999998
ROUTE_PAYMENT_MES_AV_SUCC=4.545313366611205
ROUTE_PAYMENT_HOPS_AV=28.460199999999983
ROUTE_PAYMENT_HOPS_AV_SUCC=24.63782584581255
ROUTE_PAYMENT_SUCCESS_DIRECT=0.9015
ROUTE_PAYMENT_SUCCESS=0.9015
