ROUTE_PAYMENT_MES_AV=5.922300000000001
ROUTE_PAYMENT_MES_AV_SUCC=4.779525862068963
ROUTE_PAYMENT_HOPS_AV=5.6539
ROUTE_PAYMENT_HOPS_AV_SUCC=4.673383620689655
ROUTE_PAYMENT_SUCCESS_DIRECT=0.928
ROUTE_PAYMENT_SUCCESS=0.928
