ROUTE_PAYMENT_MES_AV=7.451100000000001
ROUTE_PAYMENT_MES_AV_SUCC=6.0516180492251594
ROUTE_PAYMENT_HOPS_AV=4.603999999999997
ROUTE_PAYMENT_HOPS_AV_SUCC=4.302871467639014
ROUTE_PAYMENT_SUCCESS_DIRECT=0.8776
ROUTE_PAYMENT_SUCCESS=0.8776
