ROUTE_PAYMENT_MES_AV=5.521800000000002
ROUTE_PAYMENT_MES_AV_SUCC=4.593414924726527
ROUTE_PAYMENT_HOPS_AV=8.252999999999997
ROUTE_PAYMENT_HOPS_AV_SUCC=6.857684392938374
ROUTE_PAYMENT_SUCCESS_DIRECT=0.9233
ROUTE_PAYMENT_SUCCESS=0.9233
