ROUTE_PAYMENT_MES_AV=5.3648
ROUTE_PAYMENT_MES_AV_SUCC=4.64306752481728
ROUTE_PAYMENT_HOPS_AV=18.59729999999999
ROUTE_PAYMENT_HOPS_AV_SUCC=15.960074179120754
ROUTE_PAYMENT_SUCCESS_DIRECT=0.9167
ROUTE_PAYMENT_SUCCESS=0.9167
