ROUTE_PAYMENT_MES_AV=9.180299999999999
ROUTE_PAYMENT_MES_AV_SUCC=6.955909558067832
ROUTE_PAYMENT_HOPS_AV=5.033300000000002
ROUTE_PAYMENT_HOPS_AV_SUCC=4.460534429599177
ROUTE_PAYMENT_SUCCESS_DIRECT=0.973
ROUTE_PAYMENT_SUCCESS=0.973
