ROUTE_PAYMENT_MES_AV=9.108999999999996
ROUTE_PAYMENT_MES_AV_SUCC=7.233504098360657
ROUTE_PAYMENT_HOPS_AV=5.052
ROUTE_PAYMENT_HOPS_AV_SUCC=4.5169057377049215
ROUTE_PAYMENT_SUCCESS_DIRECT=0.976
ROUTE_PAYMENT_SUCCESS=0.976
