ROUTE_PAYMENT_MES_AV=5.6285
ROUTE_PAYMENT_MES_AV_SUCC=4.652047099492279
ROUTE_PAYMENT_HOPS_AV=13.7679
ROUTE_PAYMENT_HOPS_AV_SUCC=11.111915307334987
ROUTE_PAYMENT_SUCCESS_DIRECT=0.9257
ROUTE_PAYMENT_SUCCESS=0.9257
