ROUTE_PAYMENT_MES_AV=5.932100000000003
ROUTE_PAYMENT_MES_AV_SUCC=4.808783856695807
ROUTE_PAYMENT_HOPS_AV=5.635099999999997
ROUTE_PAYMENT_HOPS_AV_SUCC=4.689759361174058
ROUTE_PAYMENT_SUCCESS_DIRECT=0.9267
ROUTE_PAYMENT_SUCCESS=0.9267
