ROUTE_PAYMENT_MES_AV=5.672100000000004
ROUTE_PAYMENT_MES_AV_SUCC=4.597708603545178
ROUTE_PAYMENT_HOPS_AV=29.664400000000008
ROUTE_PAYMENT_HOPS_AV_SUCC=24.046260268050197
ROUTE_PAYMENT_SUCCESS_DIRECT=0.9252
ROUTE_PAYMENT_SUCCESS=0.9252
