ROUTE_PAYMENT_MES_AV=6.026900000000001
ROUTE_PAYMENT_MES_AV_SUCC=4.839969866551871
ROUTE_PAYMENT_HOPS_AV=5.671300000000001
ROUTE_PAYMENT_HOPS_AV_SUCC=4.692315970727506
ROUTE_PAYMENT_SUCCESS_DIRECT=0.9292
ROUTE_PAYMENT_SUCCESS=0.9292
