ROUTE_PAYMENT_MES_AV=6.225200000000001
ROUTE_PAYMENT_MES_AV_SUCC=4.9037037037037035
ROUTE_PAYMENT_HOPS_AV=4.087600000000001
ROUTE_PAYMENT_HOPS_AV_SUCC=3.927875243664716
ROUTE_PAYMENT_SUCCESS_DIRECT=0.7695
ROUTE_PAYMENT_SUCCESS=0.7695
