ROUTE_PAYMENT_MES_AV=9.770000000000003
ROUTE_PAYMENT_MES_AV_SUCC=9.529411764705882
ROUTE_PAYMENT_HOPS_AV=2.98
ROUTE_PAYMENT_HOPS_AV_SUCC=3.426470588235295
ROUTE_PAYMENT_SUCCESS_DIRECT=0.68
ROUTE_PAYMENT_SUCCESS=0.68
ROUTE_PAYMENT_FEE_AV=1.1578366736513113
ROUTE_PAYMENT_FEE_MED=2.3156733473026225
ROUTE_PAYMENT_FEE_Q1=0.9655943819031026
ROUTE_PAYMENT_FEE_Q3=1.3500789653995198
