ROUTE_PAYMENT_MES_AV=17.36
ROUTE_PAYMENT_MES_AV_SUCC=31.29032258064516
ROUTE_PAYMENT_HOPS_AV=2.56
ROUTE_PAYMENT_HOPS_AV_SUCC=2.8064516129032255
ROUTE_PAYMENT_SUCCESS_DIRECT=0.31
ROUTE_PAYMENT_SUCCESS=0.31
ROUTE_PAYMENT_FEE_AV=1.3106015592232714
ROUTE_PAYMENT_FEE_MED=0.5159095211633451
ROUTE_PAYMENT_FEE_Q1=0.3089167356046236
ROUTE_PAYMENT_FEE_Q3=0.717058509361273
