ROUTE_PAYMENT_MES_AV=6.833999999999996
ROUTE_PAYMENT_MES_AV_SUCC=5.307039310434893
ROUTE_PAYMENT_HOPS_AV=4.310499999999999
ROUTE_PAYMENT_HOPS_AV_SUCC=4.112184928823298
ROUTE_PAYMENT_SUCCESS_DIRECT=0.7657
ROUTE_PAYMENT_SUCCESS=0.7657
