ROUTE_PAYMENT_MES_AV=8.728499999999999
ROUTE_PAYMENT_MES_AV_SUCC=6.637020222864221
ROUTE_PAYMENT_HOPS_AV=4.875099999999999
ROUTE_PAYMENT_HOPS_AV_SUCC=4.310049525381758
ROUTE_PAYMENT_SUCCESS_DIRECT=0.9692
ROUTE_PAYMENT_SUCCESS=0.9692
