ROUTE_PAYMENT_MES_AV=22.032099999999996
ROUTE_PAYMENT_MES_AV_SUCC=22.032099999999996
ROUTE_PAYMENT_HOPS_AV=3.8238
ROUTE_PAYMENT_HOPS_AV_SUCC=3.8238
ROUTE_PAYMENT_SUCCESS_DIRECT=1.0
ROUTE_PAYMENT_SUCCESS=1.0
ROUTE_PAYMENT_FEE_AV=2.519148937760647E-4
ROUTE_PAYMENT_FEE_MED=3.130824706389679E-4
ROUTE_PAYMENT_FEE_Q1=6.308740358697229E-5
ROUTE_PAYMENT_FEE_Q3=3.347264357104663E-4
