ROUTE_PAYMENT_MES_AV=9.09820000000001
ROUTE_PAYMENT_MES_AV_SUCC=7.340572251955537
ROUTE_PAYMENT_HOPS_AV=4.9998999999999985
ROUTE_PAYMENT_HOPS_AV_SUCC=4.553828736105394
ROUTE_PAYMENT_SUCCESS_DIRECT=0.9716
ROUTE_PAYMENT_SUCCESS=0.9716
