ROUTE_PAYMENT_MES_AV=6.3398
ROUTE_PAYMENT_MES_AV_SUCC=5.502236730745979
ROUTE_PAYMENT_HOPS_AV=4.1713000000000005
ROUTE_PAYMENT_HOPS_AV_SUCC=4.109539354370692
ROUTE_PAYMENT_SUCCESS_DIRECT=0.8271
ROUTE_PAYMENT_SUCCESS=0.8271
