ROUTE_PAYMENT_MES_AV=5.813300000000004
ROUTE_PAYMENT_MES_AV_SUCC=4.631761894416685
ROUTE_PAYMENT_HOPS_AV=5.506600000000001
ROUTE_PAYMENT_HOPS_AV_SUCC=4.551162285465999
ROUTE_PAYMENT_SUCCESS_DIRECT=0.9206
ROUTE_PAYMENT_SUCCESS=0.9206
