ROUTE_PAYMENT_MES_AV=6.260000000000001
ROUTE_PAYMENT_MES_AV_SUCC=5.56921610674291
ROUTE_PAYMENT_HOPS_AV=8.462299999999999
ROUTE_PAYMENT_HOPS_AV_SUCC=8.853228496545155
ROUTE_PAYMENT_SUCCESS_DIRECT=0.8394
ROUTE_PAYMENT_SUCCESS=0.8394
