ROUTE_PAYMENT_MES_AV=5.8935
ROUTE_PAYMENT_MES_AV_SUCC=4.767624582929716
ROUTE_PAYMENT_HOPS_AV=12.5316
ROUTE_PAYMENT_HOPS_AV_SUCC=10.068776235066197
ROUTE_PAYMENT_SUCCESS_DIRECT=0.9291
ROUTE_PAYMENT_SUCCESS=0.9291
